
0, 0, 0, 0, 0, 0, 2.000000e-01, 0, 1.000000e+00
2, 0, 0, 0, 0, 0, 2.000000e-01, 0, 1.000000e+00, 2.742665e-01,communi
4, 0, 0, 0, 0, 0, 2.000000e-01, 0, 1.000000e+00, 5.984068e-03,communi
6, 0, 0, 0, 0, 0, 2.000000e-01, 0, 1.000000e+00, 4.986763e-03,communi
8, 0, 0, 0, 0, 0, 2.000000e-01, 0, 1.000000e+00, 4.227364e-01,communi
8, 0, 0, 0, 0, 0, 2.000000e-01, 4, 0.000000e+00, 1.792955e-02,opti_update_initial
8, 0, 0, 0, 0, 0, 2.000000e-01, 4, 0.000000e+00, 1,incre
0, 0, 0, 0, 0, 0, 2.000000e-01, 0, 1.000000e+00
2, 0, 0, 0, 0, 0, 2.000000e-01, 0, 1.000000e+00, 2.782810e-01,communi
4, 0, 0, 0, 0, 0, 2.000000e-01, 0, 1.000000e+00, 7.953644e-03,communi
6, 0, 0, 0, 0, 0, 2.000000e-01, 0, 1.000000e+00, 5.983591e-03,communi
8, 0, 0, 0, 0, 0, 2.000000e-01, 0, 1.000000e+00, 4.420016e-01,communi
8, 0, 0, 0, 0, 0, 2.000000e-01, 4, 0.000000e+00, 1.695490e-02,opti_update_initial
8, 0, 0, 0, 0, 0, 2.000000e-01, 4, 0.000000e+00, 1,incre
8, 1, 0, 0, 0, 0, 2.000000e-01, 4, 0.000000e+00, 3.482890e-01,communication
10, 1, 0, 1, 0, 0, 2.000000e-01, 4, 0.000000e+00, 1.393318e-02,optimization
10, 2, 0, 1, 0, 0, 2.000000e-01, 4, 0.000000e+00, 3.776741e-01,communication
12, 2, 0, 2, 0, 0, 2.000000e-01, 4, 0.000000e+00, 1.293874e-02,optimization
12, 3, 0, 2, 0, 0, 2.000000e-01, 4, 0.000000e+00, 3.543506e-01,communication
14, 3, 0, 3, 0, 0, 2.000000e-01, 4, 0.000000e+00, 1.194072e-02,optimization
14, 4, 0, 3, 0, 0, 2.000000e-01, 4, 0.000000e+00, 3.530278e-01,communication
16, 4, 0, 4, 0, 0, 2.000000e-01, 4, 0.000000e+00, 1.595831e-02,optimization
16, 5, 0, 4, 0, 0, 2.000000e-01, 4, 0.000000e+00, 3.704054e-01,communication
18, 5, 1, 0, 0, 0, 1.000000e-01, 4, 0.000000e+00, 1.297069e-02,optimization
18, 6, 1, 0, 0, 0, 1.000000e-01, 4, 0.000000e+00, 3.491290e-01,communication
20, 6, 1, 1, 0, 0, 1.000000e-01, 4, 0.000000e+00, 1.196814e-02,optimization
20, 7, 1, 1, 0, 0, 1.000000e-01, 4, 0.000000e+00, 3.610611e-01,communication
22, 7, 1, 2, 0, 0, 1.000000e-01, 4, 0.000000e+00, 1.601243e-02,optimization
22, 8, 1, 2, 0, 0, 1.000000e-01, 4, 0.000000e+00, 3.483598e-01,communication
24, 8, 1, 3, 0, 0, 1.000000e-01, 4, 0.000000e+00, 1.601624e-02,optimization
24, 9, 1, 3, 0, 0, 1.000000e-01, 4, 0.000000e+00, 3.634155e-01,communication
26, 9, 1, 4, 0, 0, 1.000000e-01, 4, 0.000000e+00, 1.695490e-02,optimization
26, 10, 1, 4, 0, 0, 1.000000e-01, 4, 0.000000e+00, 3.587072e-01,communication
28, 10, 2, 0, 0, 0, 5.000000e-02, 4, 0.000000e+00, 1.393533e-02,optimization
28, 11, 2, 0, 0, 0, 5.000000e-02, 4, 0.000000e+00, 3.608775e-01,communication
30, 11, 2, 1, 0, 0, 5.000000e-02, 4, 0.000000e+00, 1.299429e-02,optimization
30, 12, 2, 1, 0, 0, 5.000000e-02, 4, 0.000000e+00, 3.804274e-01,communication
32, 12, 2, 0, 0, 1, 5.000000e-02, 4, 0.000000e+00, 1.395464e-02,optimization
32, 13, 2, 0, 0, 1, 5.000000e-02, 4, 0.000000e+00, 3.524418e-01,communication
34, 13, 2, 1, 0, 0, 5.000000e-02, 4, 0.000000e+00, 1.296449e-02,optimization
34, 14, 2, 1, 0, 0, 5.000000e-02, 4, 0.000000e+00, 3.576658e-01,communication
36, 14, 2, 2, 0, 0, 5.000000e-02, 4, 0.000000e+00, 1.496029e-02,optimization
36, 15, 2, 2, 0, 0, 5.000000e-02, 4, 0.000000e+00, 3.591597e-01,communication
38, 15, 2, 3, 0, 0, 5.000000e-02, 4, 0.000000e+00, 1.396251e-02,optimization
38, 16, 2, 3, 0, 0, 5.000000e-02, 4, 0.000000e+00, 3.562193e-01,communication
40, 16, 2, 4, 0, 0, 5.000000e-02, 4, 0.000000e+00, 1.493335e-02,optimization
40, 17, 2, 4, 0, 0, 5.000000e-02, 4, 0.000000e+00, 3.690732e-01,communication
42, 17, 3, 0, 0, 0, 2.500000e-02, 4, 0.000000e+00, 1.889253e-02,optimization
42, 18, 3, 0, 0, 0, 2.500000e-02, 4, 0.000000e+00, 3.595741e-01,communication
44, 18, 3, 1, 0, 0, 2.500000e-02, 4, 0.000000e+00, 1.694989e-02,optimization
44, 19, 3, 1, 0, 0, 2.500000e-02, 4, 0.000000e+00, 3.562484e-01,communication
46, 19, 3, 2, 0, 0, 2.500000e-02, 4, 0.000000e+00, 1.792598e-02,optimization
46, 20, 3, 2, 0, 0, 2.500000e-02, 4, 0.000000e+00, 3.530819e-01,communication
48, 20, 3, 3, 0, 0, 2.500000e-02, 4, 0.000000e+00, 2.194285e-02,optimization
48, 21, 3, 3, 0, 0, 2.500000e-02, 4, 0.000000e+00, 3.501689e-01,communication
50, 21, 3, 4, 0, 0, 2.500000e-02, 4, 0.000000e+00, 1.792526e-02,optimization
50, 22, 3, 4, 0, 0, 2.500000e-02, 4, 0.000000e+00, 3.702667e-01,communication
52, 22, 4, 0, 0, 0, 1.250000e-02, 4, 0.000000e+00, 1.895285e-02,optimization
52, 23, 4, 0, 0, 0, 1.250000e-02, 4, 0.000000e+00, 3.824489e-01,communication
54, 23, 4, 1, 0, 0, 1.250000e-02, 4, 0.000000e+00, 1.995134e-02,optimization
54, 24, 4, 1, 0, 0, 1.250000e-02, 4, 0.000000e+00, 3.611317e-01,communication
56, 24, 4, 2, 0, 0, 1.250000e-02, 4, 0.000000e+00, 1.793671e-02,optimization
56, 25, 4, 2, 0, 0, 1.250000e-02, 4, 0.000000e+00, 3.861053e-01,communication
58, 25, 4, 3, 0, 0, 1.250000e-02, 4, 0.000000e+00, 1.991701e-02,optimization
58, 26, 4, 3, 0, 0, 1.250000e-02, 4, 0.000000e+00, 3.813365e-01,communication
60, 26, 4, 4, 0, 0, 1.250000e-02, 4, 0.000000e+00, 1.795101e-02,optimization
60, 27, 4, 4, 0, 0, 1.250000e-02, 4, 0.000000e+00, 3.717597e-01,communication
62, 27, 5, 0, 0, 0, 6.250000e-03, 4, 0.000000e+00, 2.291131e-02,optimization
62, 28, 5, 0, 0, 0, 6.250000e-03, 4, 0.000000e+00, 3.722360e-01,communication
64, 28, 5, 1, 0, 0, 6.250000e-03, 4, 0.000000e+00, 1.892161e-02,optimization
64, 29, 5, 1, 0, 0, 6.250000e-03, 4, 0.000000e+00, 3.596587e-01,communication
66, 29, 5, 2, 0, 0, 6.250000e-03, 4, 0.000000e+00, 2.191854e-02,optimization
66, 30, 5, 2, 0, 0, 6.250000e-03, 4, 0.000000e+00, 3.788140e-01,communication
68, 30, 5, 3, 0, 0, 6.250000e-03, 4, 0.000000e+00, 2.191901e-02,optimization
68, 31, 5, 3, 0, 0, 6.250000e-03, 4, 0.000000e+00, 3.610983e-01,communication
70, 31, 5, 4, 0, 0, 6.250000e-03, 4, 0.000000e+00, 1.991725e-02,optimization
70, 32, 5, 4, 0, 0, 6.250000e-03, 4, 0.000000e+00, 3.860974e-01,communication
72, 32, 5, 0, 1, 0, 6.250000e-03, 4, 0.000000e+00, 2.487564e-02,optimization
72, 0, 0, 0, 0, 0, 2.000000e-01, 0, 1.000000e+00
74, 0, 0, 0, 0, 0, 2.000000e-01, 0, 1.000000e+00, 2.662604e-01,communi
76, 0, 0, 0, 0, 0, 2.000000e-01, 0, 1.000000e+00, 8.023500e-03,communi
78, 0, 0, 0, 0, 0, 2.000000e-01, 0, 1.000000e+00, 9.956360e-03,communi
80, 0, 0, 0, 0, 0, 2.000000e-01, 0, 1.000000e+00, 4.230297e-01,communi
80, 0, 0, 0, 0, 0, 2.000000e-01, 4, 0.000000e+00, 7.977962e-03,opti_update_initial
80, 0, 0, 0, 0, 0, 2.000000e-01, 4, 0.000000e+00, 1,incre
80, 1, 0, 0, 0, 0, 2.000000e-01, 4, 0.000000e+00, 3.493004e-01,communication
82, 1, 0, 1, 0, 0, 2.000000e-01, 4, 0.000000e+00, 1.393199e-02,optimization
82, 2, 0, 1, 0, 0, 2.000000e-01, 4, 0.000000e+00, 3.545487e-01,communication
84, 2, 0, 2, 0, 0, 2.000000e-01, 4, 0.000000e+00, 1.396275e-02,optimization
84, 3, 0, 2, 0, 0, 2.000000e-01, 4, 0.000000e+00, 3.480496e-01,communication
86, 3, 0, 3, 0, 0, 2.000000e-01, 4, 0.000000e+00, 1.794624e-02,optimization
86, 4, 0, 3, 0, 0, 2.000000e-01, 4, 0.000000e+00, 3.561368e-01,communication
88, 4, 0, 4, 0, 0, 2.000000e-01, 4, 0.000000e+00, 1.498961e-02,optimization
88, 5, 0, 4, 0, 0, 2.000000e-01, 4, 0.000000e+00, 3.702500e-01,communication
90, 5, 1, 0, 0, 0, 1.000000e-01, 4, 0.000000e+00, 1.296663e-02,optimization
90, 6, 1, 0, 0, 0, 1.000000e-01, 4, 0.000000e+00, 3.582506e-01,communication
92, 6, 1, 1, 0, 0, 1.000000e-01, 4, 0.000000e+00, 1.196647e-02,optimization
92, 7, 1, 1, 0, 0, 1.000000e-01, 4, 0.000000e+00, 3.545320e-01,communication
94, 7, 1, 0, 0, 1, 1.000000e-01, 4, 0.000000e+00, 1.393509e-02,optimization
94, 8, 1, 0, 0, 1, 1.000000e-01, 4, 0.000000e+00, 3.682103e-01,communication
96, 8, 1, 1, 0, 0, 1.000000e-01, 4, 0.000000e+00, 1.394987e-02,optimization
96, 9, 1, 1, 0, 0, 1.000000e-01, 4, 0.000000e+00, 3.484378e-01,communication
98, 9, 1, 2, 0, 0, 1.000000e-01, 4, 0.000000e+00, 1.393604e-02,optimization
98, 10, 1, 2, 0, 0, 1.000000e-01, 4, 0.000000e+00, 3.722062e-01,communication
100, 10, 1, 3, 0, 0, 1.000000e-01, 4, 0.000000e+00, 1.496434e-02,optimization
100, 11, 1, 3, 0, 0, 1.000000e-01, 4, 0.000000e+00, 3.498566e-01,communication
102, 11, 1, 4, 0, 0, 1.000000e-01, 4, 0.000000e+00, 1.396298e-02,optimization
102, 12, 1, 4, 0, 0, 1.000000e-01, 4, 0.000000e+00, 3.520937e-01,communication
104, 12, 2, 0, 0, 0, 5.000000e-02, 4, 0.000000e+00, 1.393986e-02,optimization
104, 13, 2, 0, 0, 0, 5.000000e-02, 4, 0.000000e+00, 3.537140e-01,communication
106, 13, 2, 1, 0, 0, 5.000000e-02, 4, 0.000000e+00, 1.591873e-02,optimization
106, 14, 2, 1, 0, 0, 5.000000e-02, 4, 0.000000e+00, 3.665986e-01,communication
108, 14, 2, 2, 0, 0, 5.000000e-02, 4, 0.000000e+00, 1.493359e-02,optimization
108, 15, 2, 2, 0, 0, 5.000000e-02, 4, 0.000000e+00, 3.568099e-01,communication
110, 15, 2, 3, 0, 0, 5.000000e-02, 4, 0.000000e+00, 1.794553e-02,optimization
110, 16, 2, 3, 0, 0, 5.000000e-02, 4, 0.000000e+00, 3.503499e-01,communication
112, 16, 2, 4, 0, 0, 5.000000e-02, 4, 0.000000e+00, 1.898050e-02,optimization
112, 17, 2, 4, 0, 0, 5.000000e-02, 4, 0.000000e+00, 3.620422e-01,communication
114, 17, 3, 0, 0, 0, 2.500000e-02, 4, 0.000000e+00, 1.998138e-02,optimization
114, 18, 3, 0, 0, 0, 2.500000e-02, 4, 0.000000e+00, 3.504565e-01,communication
116, 18, 3, 1, 0, 0, 2.500000e-02, 4, 0.000000e+00, 1.698136e-02,optimization
116, 19, 3, 1, 0, 0, 2.500000e-02, 4, 0.000000e+00, 3.534887e-01,communication
118, 19, 3, 2, 0, 0, 2.500000e-02, 4, 0.000000e+00, 1.894855e-02,optimization
118, 20, 3, 2, 0, 0, 2.500000e-02, 4, 0.000000e+00, 3.513036e-01,communication
120, 20, 3, 3, 0, 0, 2.500000e-02, 4, 0.000000e+00, 1.894879e-02,optimization
120, 21, 3, 3, 0, 0, 2.500000e-02, 4, 0.000000e+00, 3.633411e-01,communication
122, 21, 3, 4, 0, 0, 2.500000e-02, 4, 0.000000e+00, 1.894975e-02,optimization
122, 22, 3, 4, 0, 0, 2.500000e-02, 4, 0.000000e+00, 3.461604e-01,communication
124, 22, 4, 0, 0, 0, 1.250000e-02, 4, 0.000000e+00, 1.988721e-02,optimization
124, 23, 4, 0, 0, 0, 1.250000e-02, 4, 0.000000e+00, 3.723700e-01,communication
126, 23, 4, 1, 0, 0, 1.250000e-02, 4, 0.000000e+00, 1.991987e-02,optimization
126, 24, 4, 1, 0, 0, 1.250000e-02, 4, 0.000000e+00, 3.618028e-01,communication
128, 24, 4, 2, 0, 0, 1.250000e-02, 4, 0.000000e+00, 1.994586e-02,optimization
128, 25, 4, 2, 0, 0, 1.250000e-02, 4, 0.000000e+00, 3.599830e-01,communication
130, 25, 4, 3, 0, 0, 1.250000e-02, 4, 0.000000e+00, 2.091789e-02,optimization
130, 26, 4, 3, 0, 0, 1.250000e-02, 4, 0.000000e+00, 3.892632e-01,communication
132, 26, 4, 4, 0, 0, 1.250000e-02, 4, 0.000000e+00, 1.991987e-02,optimization
132, 27, 4, 4, 0, 0, 1.250000e-02, 4, 0.000000e+00, 3.733928e-01,communication
134, 27, 5, 0, 0, 0, 6.250000e-03, 4, 0.000000e+00, 2.393651e-02,optimization
134, 28, 5, 0, 0, 0, 6.250000e-03, 4, 0.000000e+00, 3.518491e-01,communication
136, 28, 5, 1, 0, 0, 6.250000e-03, 4, 0.000000e+00, 2.091742e-02,optimization
136, 29, 5, 1, 0, 0, 6.250000e-03, 4, 0.000000e+00, 3.633938e-01,communication
138, 29, 5, 2, 0, 0, 6.250000e-03, 4, 0.000000e+00, 2.194095e-02,optimization
138, 30, 5, 2, 0, 0, 6.250000e-03, 4, 0.000000e+00, 3.875022e-01,communication
140, 30, 5, 3, 0, 0, 6.250000e-03, 4, 0.000000e+00, 2.091742e-02,optimization
140, 31, 5, 3, 0, 0, 6.250000e-03, 4, 0.000000e+00, 3.946354e-01,communication
142, 31, 5, 4, 0, 0, 6.250000e-03, 4, 0.000000e+00, 2.191401e-02,optimization
142, 32, 5, 4, 0, 0, 6.250000e-03, 4, 0.000000e+00, 3.850641e-01,communication
144, 32, 5, 0, 1, 0, 6.250000e-03, 4, 0.000000e+00, 2.591014e-02,optimization
144, 0, 0, 0, 0, 0, 2.000000e-01, 0, 1.000000e+00
146, 0, 0, 0, 0, 0, 2.000000e-01, 0, 1.000000e+00, 2.652912e-01,communi
148, 0, 0, 0, 0, 0, 2.000000e-01, 0, 1.000000e+00, 7.951975e-03,communi
150, 0, 0, 0, 0, 0, 2.000000e-01, 0, 1.000000e+00, 9.972095e-03,communi
152, 0, 0, 0, 0, 0, 2.000000e-01, 0, 1.000000e+00, 4.485378e-01,communi
152, 0, 0, 0, 0, 0, 2.000000e-01, 4, 0.000000e+00, 2.963543e-03,opti_update_initial
152, 0, 0, 0, 0, 0, 2.000000e-01, 4, 0.000000e+00, 1,incre
152, 1, 0, 0, 0, 0, 2.000000e-01, 4, 0.000000e+00, 3.581917e-01,communication
154, 1, 0, 1, 0, 0, 2.000000e-01, 4, 0.000000e+00, 1.595998e-02,optimization
154, 2, 0, 1, 0, 0, 2.000000e-01, 4, 0.000000e+00, 3.517394e-01,communication
156, 2, 0, 2, 0, 0, 2.000000e-01, 4, 0.000000e+00, 1.396251e-02,optimization
156, 3, 0, 2, 0, 0, 2.000000e-01, 4, 0.000000e+00, 3.570867e-01,communication
158, 3, 0, 3, 0, 0, 2.000000e-01, 4, 0.000000e+00, 1.299238e-02,optimization
158, 4, 0, 3, 0, 0, 2.000000e-01, 4, 0.000000e+00, 3.490591e-01,communication
160, 4, 0, 4, 0, 0, 2.000000e-01, 4, 0.000000e+00, 1.395965e-02,optimization
160, 5, 0, 4, 0, 0, 2.000000e-01, 4, 0.000000e+00, 3.507276e-01,communication
162, 5, 1, 0, 0, 0, 1.000000e-01, 4, 0.000000e+00, 1.493335e-02,optimization
162, 6, 1, 0, 0, 0, 1.000000e-01, 4, 0.000000e+00, 3.527200e-01,communication
164, 6, 1, 1, 0, 0, 1.000000e-01, 4, 0.000000e+00, 1.393390e-02,optimization
164, 7, 1, 1, 0, 0, 1.000000e-01, 4, 0.000000e+00, 3.723171e-01,communication
166, 7, 1, 2, 0, 0, 1.000000e-01, 4, 0.000000e+00, 1.495981e-02,optimization
166, 8, 1, 2, 0, 0, 1.000000e-01, 4, 0.000000e+00, 3.464437e-01,communication
168, 8, 1, 3, 0, 0, 1.000000e-01, 4, 0.000000e+00, 1.493216e-02,optimization
168, 9, 1, 3, 0, 0, 1.000000e-01, 4, 0.000000e+00, 3.657374e-01,communication
170, 9, 1, 4, 0, 0, 1.000000e-01, 4, 0.000000e+00, 1.595783e-02,optimization
170, 10, 1, 4, 0, 0, 1.000000e-01, 4, 0.000000e+00, 3.792253e-01,communication
172, 10, 2, 0, 0, 0, 5.000000e-02, 4, 0.000000e+00, 1.593256e-02,optimization
172, 11, 2, 0, 0, 0, 5.000000e-02, 4, 0.000000e+00, 3.599472e-01,communication
174, 11, 2, 1, 0, 0, 5.000000e-02, 4, 0.000000e+00, 1.595712e-02,optimization
174, 12, 2, 1, 0, 0, 5.000000e-02, 4, 0.000000e+00, 3.525727e-01,communication
176, 12, 2, 0, 0, 1, 5.000000e-02, 4, 0.000000e+00, 1.692867e-02,optimization
176, 13, 2, 0, 0, 1, 5.000000e-02, 4, 0.000000e+00, 3.590248e-01,communication
178, 13, 2, 1, 0, 0, 5.000000e-02, 4, 0.000000e+00, 1.695967e-02,optimization
178, 14, 2, 1, 0, 0, 5.000000e-02, 4, 0.000000e+00, 3.461769e-01,communication
180, 14, 2, 2, 0, 0, 5.000000e-02, 4, 0.000000e+00, 1.795268e-02,optimization
180, 15, 2, 2, 0, 0, 5.000000e-02, 4, 0.000000e+00, 3.689728e-01,communication
182, 15, 2, 3, 0, 0, 5.000000e-02, 4, 0.000000e+00, 1.797032e-02,optimization
182, 16, 2, 3, 0, 0, 5.000000e-02, 4, 0.000000e+00, 3.466625e-01,communication
184, 16, 2, 4, 0, 0, 5.000000e-02, 4, 0.000000e+00, 2.094769e-02,optimization
184, 17, 2, 4, 0, 0, 5.000000e-02, 4, 0.000000e+00, 3.651202e-01,communication
186, 17, 3, 0, 0, 0, 2.500000e-02, 4, 0.000000e+00, 1.894903e-02,optimization
186, 18, 3, 0, 0, 0, 2.500000e-02, 4, 0.000000e+00, 3.616288e-01,communication
188, 18, 3, 1, 0, 0, 2.500000e-02, 4, 0.000000e+00, 2.097178e-02,optimization
188, 19, 3, 1, 0, 0, 2.500000e-02, 4, 0.000000e+00, 3.580034e-01,communication
190, 19, 3, 2, 0, 0, 2.500000e-02, 4, 0.000000e+00, 2.194047e-02,optimization
190, 20, 3, 2, 0, 0, 2.500000e-02, 4, 0.000000e+00, 3.655927e-01,communication
192, 20, 3, 3, 0, 0, 2.500000e-02, 4, 0.000000e+00, 2.398586e-02,optimization
192, 21, 3, 3, 0, 0, 2.500000e-02, 4, 0.000000e+00, 3.583217e-01,communication
194, 21, 3, 4, 0, 0, 2.500000e-02, 4, 0.000000e+00, 2.789640e-02,optimization
194, 22, 3, 4, 0, 0, 2.500000e-02, 4, 0.000000e+00, 3.725867e-01,communication
196, 22, 4, 0, 0, 0, 1.250000e-02, 4, 0.000000e+00, 2.394199e-02,optimization
196, 23, 4, 0, 0, 0, 1.250000e-02, 4, 0.000000e+00, 3.614118e-01,communication
198, 23, 4, 1, 0, 0, 1.250000e-02, 4, 0.000000e+00, 2.292299e-02,optimization
198, 24, 4, 1, 0, 0, 1.250000e-02, 4, 0.000000e+00, 3.765385e-01,communication
200, 24, 4, 2, 0, 0, 1.250000e-02, 4, 0.000000e+00, 2.490664e-02,optimization