1.0000000000e+00 6.2500000000e-02 6.8750000000e-01 6.8750000000e-01
1.0000000000e+00 1.8750000000e-01 6.2500000000e-02 4.3750000000e-01
1.0000000000e+00 3.1250000000e-01 4.3750000000e-01 1.8750000000e-01
1.0000000000e+00 4.3750000000e-01 1.8750000000e-01 6.2500000000e-02
1.0000000000e+00 5.6250000000e-01 8.1250000000e-01 9.3750000000e-01
1.0000000000e+00 6.8750000000e-01 5.6250000000e-01 8.1250000000e-01
1.0000000000e+00 8.1250000000e-01 9.3750000000e-01 5.6250000000e-01
1.0000000000e+00 9.3750000000e-01 3.1250000000e-01 3.1250000000e-01
1.0000000000e+00 0.0000000000e+00 0.0000000000e+00 0.0000000000e+00
1.0000000000e+00 0.0000000000e+00 0.0000000000e+00 0.0000000000e+00
1.0000000000e+00 0.0000000000e+00 0.0000000000e+00 0.0000000000e+00
1.0000000000e+00 0.0000000000e+00 0.0000000000e+00 0.0000000000e+00
1.0000000000e+00 0.0000000000e+00 0.0000000000e+00 0.0000000000e+00
1.0000000000e+00 0.0000000000e+00 0.0000000000e+00 0.0000000000e+00
1.0000000000e+00 0.0000000000e+00 0.0000000000e+00 0.0000000000e+00
1.0000000000e+00 0.0000000000e+00 0.0000000000e+00 0.0000000000e+00
1.0000000000e+00 0.0000000000e+00 0.0000000000e+00 0.0000000000e+00
1.0000000000e+00 0.0000000000e+00 0.0000000000e+00 0.0000000000e+00
1.0000000000e+00 0.0000000000e+00 0.0000000000e+00 0.0000000000e+00
1.0000000000e+00 0.0000000000e+00 0.0000000000e+00 0.0000000000e+00
1.0000000000e+00 0.0000000000e+00 0.0000000000e+00 0.0000000000e+00
1.0000000000e+00 0.0000000000e+00 0.0000000000e+00 0.0000000000e+00
1.0000000000e+00 0.0000000000e+00 0.0000000000e+00 0.0000000000e+00
1.0000000000e+00 0.0000000000e+00 0.0000000000e+00 0.0000000000e+00
1.0000000000e+00 0.0000000000e+00 0.0000000000e+00 0.0000000000e+00
1.0000000000e+00 0.0000000000e+00 0.0000000000e+00 0.0000000000e+00
1.0000000000e+00 0.0000000000e+00 0.0000000000e+00 0.0000000000e+00
1.0000000000e+00 0.0000000000e+00 0.0000000000e+00 0.0000000000e+00
1.0000000000e+00 0.0000000000e+00 0.0000000000e+00 0.0000000000e+00
1.0000000000e+00 0.0000000000e+00 0.0000000000e+00 0.0000000000e+00
1.0000000000e+00 0.0000000000e+00 0.0000000000e+00 0.0000000000e+00
1.0000000000e+00 0.0000000000e+00 0.0000000000e+00 0.0000000000e+00
1.0000000000e+00 0.0000000000e+00 0.0000000000e+00 0.0000000000e+00
1.0000000000e+00 0.0000000000e+00 0.0000000000e+00 0.0000000000e+00
1.0000000000e+00 0.0000000000e+00 0.0000000000e+00 0.0000000000e+00
1.0000000000e+00 0.0000000000e+00 0.0000000000e+00 0.0000000000e+00
1.0000000000e+00 0.0000000000e+00 0.0000000000e+00 0.0000000000e+00
1.0000000000e+00 0.0000000000e+00 0.0000000000e+00 0.0000000000e+00
1.0000000000e+00 0.0000000000e+00 0.0000000000e+00 0.0000000000e+00
1.0000000000e+00 0.0000000000e+00 0.0000000000e+00 0.0000000000e+00
1.0000000000e+00 0.0000000000e+00 0.0000000000e+00 0.0000000000e+00
1.0000000000e+00 0.0000000000e+00 0.0000000000e+00 0.0000000000e+00
1.0000000000e+00 0.0000000000e+00 0.0000000000e+00 0.0000000000e+00
1.0000000000e+00 0.0000000000e+00 0.0000000000e+00 0.0000000000e+00
1.0000000000e+00 0.0000000000e+00 0.0000000000e+00 0.0000000000e+00
1.0000000000e+00 0.0000000000e+00 0.0000000000e+00 0.0000000000e+00
1.0000000000e+00 0.0000000000e+00 0.0000000000e+00 0.0000000000e+00
1.0000000000e+00 0.0000000000e+00 0.0000000000e+00 0.0000000000e+00
1.0000000000e+00 0.0000000000e+00 0.0000000000e+00 0.0000000000e+00
1.0000000000e+00 0.0000000000e+00 0.0000000000e+00 0.0000000000e+00
1.0000000000e+00 0.0000000000e+00 0.0000000000e+00 0.0000000000e+00
1.0000000000e+00 0.0000000000e+00 0.0000000000e+00 0.0000000000e+00
1.0000000000e+00 0.0000000000e+00 0.0000000000e+00 0.0000000000e+00
1.0000000000e+00 0.0000000000e+00 0.0000000000e+00 0.0000000000e+00
1.0000000000e+00 0.0000000000e+00 0.0000000000e+00 0.0000000000e+00
1.0000000000e+00 0.0000000000e+00 0.0000000000e+00 0.0000000000e+00
