
2     6.250000e-02 1.875000e-01 9.375000e-01 -8.221273e-01 6.875000e-01 -2.875000e-01 4.726562e+09 1.000000e+00 1.200000e+00 0.000000e+00
1     1.875000e-01 3.125000e-01 6.875000e-01 -1.398193e+00 6.875000e-01 -2.875000e-01 4.726562e+09 1.000000e+00 1.200000e+00 0.000000e+00
4     3.125000e-01 6.250000e-02 5.625000e-01 -1.687979e-01 4.375000e-01 -3.750000e-02 1.914062e+09 1.000000e+00 1.200000e+00 0.000000e+00
3     4.375000e-01 5.625000e-01 1.875000e-01 -1.264251e-01 6.875000e-01 -2.875000e-01 4.726562e+09 1.000000e+00 1.200000e+00 9.975433e-04
6     5.625000e-01 4.375000e-01 8.125000e-01 -3.236639e+00 1.312500e+00 -9.125000e-01 1.722656e+10 1.000000e+00 1.200000e+00 0.000000e+00
5     6.875000e-01 9.375000e-01 4.375000e-01 -7.033948e-01 1.562500e+00 -1.162500e+00 2.441406e+10 1.000000e+00 1.200000e+00 0.000000e+00
8     8.125000e-01 6.875000e-01 3.125000e-01 -1.038855e-01 1.312500e+00 -9.125000e-01 1.722656e+10 1.000000e+00 1.200000e+00 0.000000e+00
7     9.375000e-01 8.125000e-01 6.250000e-02 -1.111586e-03 1.312500e+00 -9.125000e-01 1.722656e+10 1.000000e+00 1.200000e+00 0.000000e+00
2     6.250000e-02 3.125000e-01 6.875000e-01 -1.391792e+00 5.625000e-01 -1.625000e-01 3.164062e+09 1.000000e+00 1.200000e+00 0.000000e+00
1     1.875000e-01 4.375000e-01 9.375000e-01 -2.724361e+00 1.062500e+00 -6.625000e-01 1.128906e+10 1.000000e+00 1.200000e+00 0.000000e+00
4     3.125000e-01 1.875000e-01 1.875000e-01 -7.790100e-01 1.875000e-01 2.125000e-01 8.031250e+08 1.000000e+00 1.200000e+00 0.000000e+00
3     4.375000e-01 9.375000e-01 4.375000e-01 -1.384201e+00 1.312500e+00 -9.125000e-01 1.722656e+10 1.000000e+00 1.200000e+00 0.000000e+00
6     5.625000e-01 6.250000e-02 5.625000e-01 -1.604921e-01 6.875000e-01 -2.875000e-01 4.726562e+09 1.000000e+00 1.200000e+00 0.000000e+00
5     6.875000e-01 8.125000e-01 8.125000e-01 -1.861673e+00 1.812500e+00 -1.412500e+00 3.285156e+10 1.000000e+00 1.200000e+00 0.000000e+00
7     8.125000e-01 5.625000e-01 6.250000e-02 -2.181804e-02 9.375000e-01 -5.375000e-01 8.789062e+09 1.000000e+00 1.200000e+00 0.000000e+00
8     9.375000e-01 6.875000e-01 3.125000e-01 -6.130737e-02 1.437500e+00 -1.037500e+00 2.066406e+10 1.000000e+00 1.200000e+00 0.000000e+00
9     7.876554e-01 4.900000e-03 5.521905e-03 -6.669904e-02 2.980773e-01 1.019227e-01 9.923830e+08 1.000000e+00 1.200000e+00 0.000000e+00
10    3.288122e-03 2.247112e-02 9.841712e-02 -2.602792e-01 -3.758236e-01 7.758236e-01 6.019023e+09 1.000000e+00 1.200000e+00 0.000000e+00
12    3.902475e-02 6.695562e-01 1.630416e-01 -4.417718e-02 3.716225e-01 2.837752e-02 1.389085e+09 1.000000e+00 1.200000e+00 0.000000e+00
11    1.564772e-01 4.244603e-01 3.568538e-01 -3.956468e-01 4.377913e-01 -3.779133e-02 1.916612e+09 1.000000e+00 1.200000e+00 0.000000e+00
13    3.483091e-01 4.737116e-01 5.982413e-03 -3.613059e-02 3.280031e-01 7.199685e-02 1.127696e+09 1.000000e+00 1.200000e+00 0.000000e+00
14    5.309453e-01 2.038381e-01 5.047315e-02 -2.091812e-01 2.852565e-01 1.147435e-01 9.453735e+08 1.000000e+00 1.200000e+00 0.000000e+00
16    5.805215e-01 3.934935e-01 2.698942e-01 -4.209036e-01 7.439092e-01 -3.439092e-01 5.534009e+09 1.000000e+00 1.200000e+00 0.000000e+00
15    2.646848e-01 2.862691e-01 3.774925e-03 -9.050434e-02 5.472883e-02 3.452712e-01 1.222074e+09 1.000000e+00 1.200000e+00 0.000000e+00
18    3.125000e-01 7.400505e-01 1.560660e-01 -3.295957e-02 7.086165e-01 -3.086165e-01 5.021374e+09 1.000000e+00 1.200000e+00 0.000000e+00
17    5.326481e-01 2.010893e-02 6.594819e-02 -2.489279e-01 1.187052e-01 2.812948e-01 9.321768e+08 1.000000e+00 1.200000e+00 0.000000e+00
19    3.125000e-01 1.875000e-01 4.633106e-01 -3.559590e-01 4.633106e-01 -6.331063e-02 2.146567e+09 1.000000e+00 1.200000e+00 0.000000e+00
20    3.566151e-01 1.544358e-01 2.208831e-02 -1.622994e-01 3.313919e-02 3.668608e-01 1.356851e+09 1.000000e+00 1.200000e+00 0.000000e+00
21    4.903694e-02 1.875000e-01 2.819442e-01 -6.987531e-01 1.848110e-02 3.815189e-01 1.458982e+09 1.000000e+00 1.200000e+00 0.000000e+00
22    1.945485e-01 3.524485e-01 1.875000e-01 -4.366147e-01 2.344969e-01 1.655031e-01 8.238008e+08 1.000000e+00 1.200000e+00 0.000000e+00
23    3.125000e-01 1.242348e-02 3.205687e-01 -8.160830e-01 1.454922e-01 2.545078e-01 8.594220e+08 1.000000e+00 1.200000e+00 0.000000e+00
24    4.864492e-01 2.015569e-02 2.449730e-01 -8.606458e-01 2.515779e-01 1.484221e-01 8.532056e+08 1.000000e+00 1.200000e+00 0.000000e+00
25    3.536680e-01 3.457938e-01 2.811858e-01 -6.056575e-01 4.806476e-01 -8.064762e-02 2.310221e+09 1.000000e+00 1.200000e+00 0.000000e+00
26    4.601483e-01 1.875000e-01 1.875000e-01 -7.669925e-01 3.351483e-01 6.485168e-02 1.165301e+09 1.000000e+00 1.200000e+00 0.000000e+00
28    1.746437e-01 2.208802e-02 1.875000e-01 -6.741719e-01 -1.157683e-01 5.157683e-01 2.660170e+09 1.000000e+00 1.200000e+00 0.000000e+00
27    6.704344e-01 1.875000e-01 1.516789e-01 -4.851260e-01 5.096133e-01 -1.096133e-01 2.597057e+09 1.000000e+00 1.200000e+00 0.000000e+00
30    3.750447e-01 9.294307e-02 1.321606e-01 -5.747996e-01 1.001484e-01 2.998516e-01 9.994067e+08 1.000000e+00 1.200000e+00 0.000000e+00
29    2.471148e-01 2.504642e-01 1.875000e-01 -6.622649e-01 1.850790e-01 2.149210e-01 8.044527e+08 1.000000e+00 1.200000e+00 0.000000e+00
32    4.057966e-01 1.259921e-01 2.904701e-01 -9.805958e-01 3.222588e-01 7.774119e-02 1.098944e+09 1.000000e+00 1.200000e+00 0.000000e+00
31    3.125000e-01 2.757560e-01 1.104558e-01 -3.682347e-01 1.987117e-01 2.012883e-01 8.000332e+08 1.000000e+00 1.200000e+00 0.000000e+00
34    3.065402e-01 4.011533e-01 1.104558e-01 -2.115185e-01 3.181493e-01 8.185072e-02 1.079185e+09 1.000000e+00 1.200000e+00 0.000000e+00
33    2.448970e-01 3.299885e-01 1.144896e-01 -3.015474e-01 1.893750e-01 2.106250e-01 8.022578e+08 1.000000e+00 1.200000e+00 0.000000e+00
35    4.389311e-01 2.757560e-01 1.104558e-01 -3.663002e-01 3.251428e-01 7.485716e-02 1.113215e+09 1.000000e+00 1.200000e+00 0.000000e+00
35    1.851211e-01 2.757560e-01 1.104558e-01 -3.359825e-01 7.133283e-02 3.286672e-01 1.131105e+09 1.000000e+00 1.200000e+00 0.000000e+00
37    3.558926e-01 3.076407e-01 3.491253e-02 -1.375400e-01 1.984458e-01 2.015542e-01 8.000483e+08 1.000000e+00 1.200000e+00 0.000000e+00
38    3.125000e-01 2.757560e-01 1.822766e-01 -6.209222e-01 2.705325e-01 1.294675e-01 8.994967e+08 1.000000e+00 1.200000e+00 0.000000e+00
40    3.125000e-01 1.967417e-01 1.104558e-01 -4.444278e-01 1.196975e-01 2.803025e-01 9.289698e+08 1.000000e+00 1.200000e+00 0.000000e+00
39    3.125000e-01 3.453412e-01 7.779749e-02 -2.004105e-01 2.356387e-01 1.643613e-01 8.254023e+08 1.000000e+00 1.200000e+00 0.000000e+00
41    3.125000e-01 2.376428e-01 4.444109e-02 -1.930175e-01 9.458392e-02 3.054161e-01 1.022251e+09 1.000000e+00 1.200000e+00 0.000000e+00
42    2.487376e-01 2.757560e-01 1.353530e-01 -4.418768e-01 1.598466e-01 2.401534e-01 8.322460e+08 1.000000e+00 1.200000e+00 0.000000e+00
44    2.856758e-01 3.313314e-01 1.104558e-01 -2.961633e-01 2.274629e-01 1.725371e-01 8.150843e+08 1.000000e+00 1.200000e+00 1.028776e-03
43    3.125000e-01 3.086049e-01 7.624383e-02 -2.296395e-01 1.973488e-01 2.026512e-01 8.001406e+08 1.000000e+00 1.200000e+00 9.942055e-04
46    3.064918e-01 2.462554e-01 1.429623e-01 -5.262758e-01 1.957095e-01 2.042905e-01 8.003682e+08 1.000000e+00 1.200000e+00 0.000000e+00
45    2.821652e-01 2.943886e-01 1.333571e-01 -4.171413e-01 2.099110e-01 1.900890e-01 8.019645e+08 1.000000e+00 1.200000e+00 0.000000e+00
48    3.742003e-01 2.757560e-01 1.104558e-01 -3.717157e-01 2.604120e-01 1.395880e-01 8.729923e+08 1.000000e+00 1.200000e+00 0.000000e+00
47    3.360486e-01 2.757560e-01 8.037636e-02 -2.716685e-01 1.921809e-01 2.078191e-01 8.012228e+08 1.000000e+00 1.200000e+00 0.000000e+00
50    3.430266e-01 2.417426e-01 1.104558e-01 -4.084821e-01 1.952250e-01 2.047750e-01 8.004560e+08 1.000000e+00 1.200000e+00 0.000000e+00
49    3.125000e-01 3.106194e-01 1.104558e-01 -3.257886e-01 2.335752e-01 1.664248e-01 8.225458e+08 1.000000e+00 1.200000e+00 0.000000e+00
52    2.807248e-01 2.314805e-01 1.104558e-01 -4.097978e-01 1.226611e-01 2.773389e-01 9.196262e+08 1.000000e+00 1.200000e+00 0.000000e+00
51    3.408594e-01 2.757560e-01 1.104558e-01 -3.708810e-01 2.270712e-01 1.729288e-01 8.146570e+08 1.000000e+00 1.200000e+00 0.000000e+00
53    3.125000e-01 2.757560e-01 1.394784e-01 -4.719764e-01 2.277343e-01 1.722657e-01 8.153838e+08 1.000000e+00 1.200000e+00 0.000000e+00
54    3.230673e-01 2.585292e-01 1.104558e-01 -3.889921e-01 1.920523e-01 2.079477e-01 8.012633e+08 1.000000e+00 1.200000e+00 0.000000e+00
56    2.860148e-01 2.690673e-01 1.230476e-01 -4.166629e-01 1.781297e-01 2.218703e-01 8.095662e+08 1.000000e+00 1.200000e+00 0.000000e+00
55    3.125000e-01 2.913638e-01 9.866617e-02 -3.115711e-01 2.025300e-01 1.974700e-01 8.001280e+08 1.000000e+00 1.200000e+00 0.000000e+00
58    3.125000e-01 2.757560e-01 8.055880e-02 -2.705171e-01 1.688148e-01 2.311852e-01 8.194504e+08 1.000000e+00 1.200000e+00 0.000000e+00
57    2.990077e-01 2.858105e-01 1.104558e-01 -3.545241e-01 1.952741e-01 2.047259e-01 8.004467e+08 1.000000e+00 1.200000e+00 0.000000e+00
60    3.291700e-01 2.947375e-01 1.104558e-01 -3.471715e-01 2.343633e-01 1.656367e-01 8.236168e+08 1.000000e+00 1.200000e+00 0.000000e+00
60    3.125000e-01 2.561507e-01 1.229319e-01 -4.369519e-01 1.915826e-01 2.084174e-01 8.014171e+08 1.000000e+00 1.200000e+00 0.000000e+00
61    3.125000e-01 2.871728e-01 1.263993e-01 -4.090710e-01 2.260721e-01 1.739279e-01 8.135951e+08 1.000000e+00 1.200000e+00 0.000000e+00
62    3.267313e-01 2.757560e-01 1.104558e-01 -3.697832e-01 2.129431e-01 1.870569e-01 8.033505e+08 1.000000e+00 1.200000e+00 0.000000e+00
64    3.085854e-01 2.683380e-01 1.210760e-01 -4.144517e-01 1.979995e-01 2.020005e-01 8.000800e+08 1.000000e+00 1.200000e+00 0.000000e+00
63    3.209041e-01 2.757560e-01 1.011292e-01 -3.372707e-01 1.977892e-01 2.022108e-01 8.000977e+08 1.000000e+00 1.200000e+00 0.000000e+00
65    3.125000e-01 2.878265e-01 1.104558e-01 -3.539116e-01 2.107823e-01 1.892177e-01 8.023252e+08 1.000000e+00 1.200000e+00 0.000000e+00
66    3.026385e-01 2.757560e-01 1.191857e-01 -3.974458e-01 1.975802e-01 2.024198e-01 8.001171e+08 1.000000e+00 1.200000e+00 0.000000e+00
67    3.125000e-01 2.803573e-01 1.023588e-01 -3.355253e-01 1.952161e-01 2.047839e-01 8.004577e+08 1.000000e+00 1.200000e+00 0.000000e+00
68    3.064140e-01 2.829686e-01 1.104558e-01 -3.589551e-01 1.998384e-01 2.001616e-01 8.000005e+08 1.000000e+00 1.200000e+00 0.000000e+00
70    3.064140e-01 2.964179e-01 1.104558e-01 -3.427097e-01 2.132877e-01 1.867123e-01 8.035312e+08 1.000000e+00 1.200000e+00 0.000000e+00
69    3.005502e-01 2.829686e-01 1.182398e-01 -3.846851e-01 2.017586e-01 1.982414e-01 8.000619e+08 1.000000e+00 1.200000e+00 1.021385e-03
71    2.999847e-01 2.953045e-01 1.220485e-01 -3.812885e-01 2.173377e-01 1.826623e-01 8.060119e+08 1.000000e+00 1.200000e+00 1.023531e-03
72    3.064140e-01 2.936207e-01 1.006840e-01 -3.147805e-01 2.007187e-01 1.992813e-01 8.000103e+08 1.000000e+00 1.200000e+00 0.000000e+00