
2     6.250000e-02 1.875000e-01 9.375000e-01 -8.221273e-01 6.875000e-01 -2.875000e-01 4.726562e+09 1.000000e+00 1.200000e+00 0.000000e+00
1     1.875000e-01 3.125000e-01 6.875000e-01 -1.398193e+00 6.875000e-01 -2.875000e-01 4.726562e+09 1.000000e+00 1.200000e+00 0.000000e+00
4     3.125000e-01 6.250000e-02 5.625000e-01 -1.687979e-01 4.375000e-01 -3.750000e-02 1.914062e+09 1.000000e+00 1.200000e+00 0.000000e+00
3     4.375000e-01 5.625000e-01 1.875000e-01 -1.264251e-01 6.875000e-01 -2.875000e-01 4.726562e+09 1.000000e+00 1.200000e+00 9.975433e-04
6     5.625000e-01 4.375000e-01 8.125000e-01 -3.236639e+00 1.312500e+00 -9.125000e-01 1.722656e+10 1.000000e+00 1.200000e+00 0.000000e+00
5     6.875000e-01 9.375000e-01 4.375000e-01 -7.033948e-01 1.562500e+00 -1.162500e+00 2.441406e+10 1.000000e+00 1.200000e+00 0.000000e+00
8     8.125000e-01 6.875000e-01 3.125000e-01 -1.038855e-01 1.312500e+00 -9.125000e-01 1.722656e+10 1.000000e+00 1.200000e+00 0.000000e+00
7     9.375000e-01 8.125000e-01 6.250000e-02 -1.111586e-03 1.312500e+00 -9.125000e-01 1.722656e+10 1.000000e+00 1.200000e+00 0.000000e+00
2     6.250000e-02 3.125000e-01 6.875000e-01 -1.391792e+00 5.625000e-01 -1.625000e-01 3.164062e+09 1.000000e+00 1.200000e+00 0.000000e+00
1     1.875000e-01 4.375000e-01 9.375000e-01 -2.724361e+00 1.062500e+00 -6.625000e-01 1.128906e+10 1.000000e+00 1.200000e+00 0.000000e+00
4     3.125000e-01 1.875000e-01 1.875000e-01 -7.790100e-01 1.875000e-01 2.125000e-01 8.031250e+08 1.000000e+00 1.200000e+00 0.000000e+00
3     4.375000e-01 9.375000e-01 4.375000e-01 -1.384201e+00 1.312500e+00 -9.125000e-01 1.722656e+10 1.000000e+00 1.200000e+00 0.000000e+00
6     5.625000e-01 6.250000e-02 5.625000e-01 -1.604921e-01 6.875000e-01 -2.875000e-01 4.726562e+09 1.000000e+00 1.200000e+00 0.000000e+00
5     6.875000e-01 8.125000e-01 8.125000e-01 -1.861673e+00 1.812500e+00 -1.412500e+00 3.285156e+10 1.000000e+00 1.200000e+00 0.000000e+00
7     8.125000e-01 5.625000e-01 6.250000e-02 -2.181804e-02 9.375000e-01 -5.375000e-01 8.789062e+09 1.000000e+00 1.200000e+00 0.000000e+00
8     9.375000e-01 6.875000e-01 3.125000e-01 -6.130737e-02 1.437500e+00 -1.037500e+00 2.066406e+10 1.000000e+00 1.200000e+00 0.000000e+00
9     7.876554e-01 4.900000e-03 5.521905e-03 -6.669904e-02 2.980773e-01 1.019227e-01 9.923830e+08 1.000000e+00 1.200000e+00 0.000000e+00
10    3.288122e-03 2.247112e-02 9.841712e-02 -2.602792e-01 -3.758236e-01 7.758236e-01 6.019023e+09 1.000000e+00 1.200000e+00 0.000000e+00
12    3.902475e-02 6.695562e-01 1.630416e-01 -4.417718e-02 3.716225e-01 2.837752e-02 1.389085e+09 1.000000e+00 1.200000e+00 0.000000e+00
11    1.564772e-01 4.244603e-01 3.568538e-01 -3.956468e-01 4.377913e-01 -3.779133e-02 1.916612e+09 1.000000e+00 1.200000e+00 0.000000e+00
13    3.483091e-01 4.737116e-01 5.982413e-03 -3.613059e-02 3.280031e-01 7.199685e-02 1.127696e+09 1.000000e+00 1.200000e+00 0.000000e+00
14    5.309453e-01 2.038381e-01 5.047315e-02 -2.091812e-01 2.852565e-01 1.147435e-01 9.453735e+08 1.000000e+00 1.200000e+00 0.000000e+00
16    5.805215e-01 3.934935e-01 2.698942e-01 -4.209036e-01 7.439092e-01 -3.439092e-01 5.534009e+09 1.000000e+00 1.200000e+00 0.000000e+00
15    2.646848e-01 2.862691e-01 3.774925e-03 -9.050434e-02 5.472883e-02 3.452712e-01 1.222074e+09 1.000000e+00 1.200000e+00 0.000000e+00
18    3.125000e-01 7.400505e-01 1.560660e-01 -3.295957e-02 7.086165e-01 -3.086165e-01 5.021374e+09 1.000000e+00 1.200000e+00 0.000000e+00
17    5.326481e-01 2.010893e-02 6.594819e-02 -2.489279e-01 1.187052e-01 2.812948e-01 9.321768e+08 1.000000e+00 1.200000e+00 0.000000e+00
19    3.125000e-01 1.875000e-01 4.633106e-01 -3.559590e-01 4.633106e-01 -6.331063e-02 2.146567e+09 1.000000e+00 1.200000e+00 0.000000e+00
20    3.566151e-01 1.544358e-01 2.208831e-02 -1.622994e-01 3.313919e-02 3.668608e-01 1.356851e+09 1.000000e+00 1.200000e+00 0.000000e+00
21    4.903694e-02 1.875000e-01 2.819442e-01 -6.987531e-01 1.848110e-02 3.815189e-01 1.458982e+09 1.000000e+00 1.200000e+00 0.000000e+00
22    1.945485e-01 3.524485e-01 1.875000e-01 -4.366147e-01 2.344969e-01 1.655031e-01 8.238008e+08 1.000000e+00 1.200000e+00 0.000000e+00
23    3.125000e-01 1.242348e-02 3.205687e-01 -8.160830e-01 1.454922e-01 2.545078e-01 8.594220e+08 1.000000e+00 1.200000e+00 0.000000e+00
24    4.864492e-01 2.015569e-02 2.449730e-01 -8.606458e-01 2.515779e-01 1.484221e-01 8.532056e+08 1.000000e+00 1.200000e+00 0.000000e+00
25    3.536680e-01 3.457938e-01 2.811858e-01 -6.056575e-01 4.806476e-01 -8.064762e-02 2.310221e+09 1.000000e+00 1.200000e+00 0.000000e+00
26    4.601483e-01 1.875000e-01 1.875000e-01 -7.669925e-01 3.351483e-01 6.485168e-02 1.165301e+09 1.000000e+00 1.200000e+00 0.000000e+00
28    1.746437e-01 2.208802e-02 1.875000e-01 -6.741719e-01 -1.157683e-01 5.157683e-01 2.660170e+09 1.000000e+00 1.200000e+00 0.000000e+00
27    6.704344e-01 1.875000e-01 1.516789e-01 -4.851260e-01 5.096133e-01 -1.096133e-01 2.597057e+09 1.000000e+00 1.200000e+00 0.000000e+00
30    3.750447e-01 9.294307e-02 1.321606e-01 -5.747996e-01 1.001484e-01 2.998516e-01 9.994067e+08 1.000000e+00 1.200000e+00 0.000000e+00
29    2.471148e-01 2.504642e-01 1.875000e-01 -6.622649e-01 1.850790e-01 2.149210e-01 8.044527e+08 1.000000e+00 1.200000e+00 0.000000e+00
32    4.057966e-01 1.259921e-01 2.904701e-01 -9.805958e-01 3.222588e-01 7.774119e-02 1.098944e+09 1.000000e+00 1.200000e+00 0.000000e+00
31    3.125000e-01 2.757560e-01 1.104558e-01 -3.682347e-01 1.987117e-01 2.012883e-01 8.000332e+08 1.000000e+00 1.200000e+00 0.000000e+00
34    3.065402e-01 4.011533e-01 1.104558e-01 -2.115185e-01 3.181493e-01 8.185072e-02 1.079185e+09 1.000000e+00 1.200000e+00 0.000000e+00
33    2.448970e-01 3.299885e-01 1.144896e-01 -3.015474e-01 1.893750e-01 2.106250e-01 8.022578e+08 1.000000e+00 1.200000e+00 0.000000e+00
35    4.389311e-01 2.757560e-01 1.104558e-01 -3.663002e-01 3.251428e-01 7.485716e-02 1.113215e+09 1.000000e+00 1.200000e+00 0.000000e+00
35    1.851211e-01 2.757560e-01 1.104558e-01 -3.359825e-01 7.133283e-02 3.286672e-01 1.131105e+09 1.000000e+00 1.200000e+00 0.000000e+00
37    3.558926e-01 3.076407e-01 3.491253e-02 -1.375400e-01 1.984458e-01 2.015542e-01 8.000483e+08 1.000000e+00 1.200000e+00 0.000000e+00
38    3.125000e-01 2.757560e-01 1.822766e-01 -6.209222e-01 2.705325e-01 1.294675e-01 8.994967e+08 1.000000e+00 1.200000e+00 0.000000e+00
40    3.125000e-01 1.967417e-01 1.104558e-01 -4.444278e-01 1.196975e-01 2.803025e-01 9.289698e+08 1.000000e+00 1.200000e+00 0.000000e+00
39    3.125000e-01 3.453412e-01 7.779749e-02 -2.004105e-01 2.356387e-01 1.643613e-01 8.254023e+08 1.000000e+00 1.200000e+00 0.000000e+00
41    3.125000e-01 2.376428e-01 4.444109e-02 -1.930175e-01 9.458392e-02 3.054161e-01 1.022251e+09 1.000000e+00 1.200000e+00 0.000000e+00
42    2.487376e-01 2.757560e-01 1.353530e-01 -4.418768e-01 1.598466e-01 2.401534e-01 8.322460e+08 1.000000e+00 1.200000e+00 0.000000e+00
44    2.856758e-01 3.313314e-01 1.104558e-01 -2.961633e-01 2.274629e-01 1.725371e-01 8.150843e+08 1.000000e+00 1.200000e+00 1.028776e-03
43    3.125000e-01 3.086049e-01 7.624383e-02 -2.296395e-01 1.973488e-01 2.026512e-01 8.001406e+08 1.000000e+00 1.200000e+00 9.942055e-04
46    3.064918e-01 2.462554e-01 1.429623e-01 -5.262758e-01 1.957095e-01 2.042905e-01 8.003682e+08 1.000000e+00 1.200000e+00 0.000000e+00
45    2.821652e-01 2.943886e-01 1.333571e-01 -4.171413e-01 2.099110e-01 1.900890e-01 8.019645e+08 1.000000e+00 1.200000e+00 0.000000e+00
48    3.742003e-01 2.757560e-01 1.104558e-01 -3.717157e-01 2.604120e-01 1.395880e-01 8.729923e+08 1.000000e+00 1.200000e+00 0.000000e+00
47    3.360486e-01 2.757560e-01 8.037636e-02 -2.716685e-01 1.921809e-01 2.078191e-01 8.012228e+08 1.000000e+00 1.200000e+00 0.000000e+00
50    3.430266e-01 2.417426e-01 1.104558e-01 -4.084821e-01 1.952250e-01 2.047750e-01 8.004560e+08 1.000000e+00 1.200000e+00 0.000000e+00
49    3.125000e-01 3.106194e-01 1.104558e-01 -3.257886e-01 2.335752e-01 1.664248e-01 8.225458e+08 1.000000e+00 1.200000e+00 0.000000e+00
52    2.807248e-01 2.314805e-01 1.104558e-01 -4.097978e-01 1.226611e-01 2.773389e-01 9.196262e+08 1.000000e+00 1.200000e+00 0.000000e+00
51    3.408594e-01 2.757560e-01 1.104558e-01 -3.708810e-01 2.270712e-01 1.729288e-01 8.146570e+08 1.000000e+00 1.200000e+00 0.000000e+00
53    3.125000e-01 2.757560e-01 1.394784e-01 -4.719764e-01 2.277343e-01 1.722657e-01 8.153838e+08 1.000000e+00 1.200000e+00 0.000000e+00
54    3.230673e-01 2.585292e-01 1.104558e-01 -3.889921e-01 1.920523e-01 2.079477e-01 8.012633e+08 1.000000e+00 1.200000e+00 0.000000e+00
56    2.860148e-01 2.690673e-01 1.230476e-01 -4.166629e-01 1.781297e-01 2.218703e-01 8.095662e+08 1.000000e+00 1.200000e+00 0.000000e+00
55    3.125000e-01 2.913638e-01 9.866617e-02 -3.115711e-01 2.025300e-01 1.974700e-01 8.001280e+08 1.000000e+00 1.200000e+00 0.000000e+00
58    3.125000e-01 2.757560e-01 8.055880e-02 -2.705171e-01 1.688148e-01 2.311852e-01 8.194504e+08 1.000000e+00 1.200000e+00 0.000000e+00
57    2.990077e-01 2.858105e-01 1.104558e-01 -3.545241e-01 1.952741e-01 2.047259e-01 8.004467e+08 1.000000e+00 1.200000e+00 0.000000e+00
60    3.291700e-01 2.947375e-01 1.104558e-01 -3.471715e-01 2.343633e-01 1.656367e-01 8.236168e+08 1.000000e+00 1.200000e+00 0.000000e+00
60    3.125000e-01 2.561507e-01 1.229319e-01 -4.369519e-01 1.915826e-01 2.084174e-01 8.014171e+08 1.000000e+00 1.200000e+00 0.000000e+00
61    3.125000e-01 2.871728e-01 1.263993e-01 -4.090710e-01 2.260721e-01 1.739279e-01 8.135951e+08 1.000000e+00 1.200000e+00 0.000000e+00
62    3.267313e-01 2.757560e-01 1.104558e-01 -3.697832e-01 2.129431e-01 1.870569e-01 8.033505e+08 1.000000e+00 1.200000e+00 0.000000e+00
64    3.085854e-01 2.683380e-01 1.210760e-01 -4.144517e-01 1.979995e-01 2.020005e-01 8.000800e+08 1.000000e+00 1.200000e+00 0.000000e+00
63    3.209041e-01 2.757560e-01 1.011292e-01 -3.372707e-01 1.977892e-01 2.022108e-01 8.000977e+08 1.000000e+00 1.200000e+00 0.000000e+00
65    3.125000e-01 2.878265e-01 1.104558e-01 -3.539116e-01 2.107823e-01 1.892177e-01 8.023252e+08 1.000000e+00 1.200000e+00 0.000000e+00
66    3.026385e-01 2.757560e-01 1.191857e-01 -3.974458e-01 1.975802e-01 2.024198e-01 8.001171e+08 1.000000e+00 1.200000e+00 0.000000e+00
67    3.125000e-01 2.803573e-01 1.023588e-01 -3.355253e-01 1.952161e-01 2.047839e-01 8.004577e+08 1.000000e+00 1.200000e+00 0.000000e+00
68    3.064140e-01 2.829686e-01 1.104558e-01 -3.589551e-01 1.998384e-01 2.001616e-01 8.000005e+08 1.000000e+00 1.200000e+00 0.000000e+00
70    3.064140e-01 2.964179e-01 1.104558e-01 -3.427097e-01 2.132877e-01 1.867123e-01 8.035312e+08 1.000000e+00 1.200000e+00 0.000000e+00
69    3.005502e-01 2.829686e-01 1.182398e-01 -3.846851e-01 2.017586e-01 1.982414e-01 8.000619e+08 1.000000e+00 1.200000e+00 1.021385e-03
71    2.999847e-01 2.953045e-01 1.220485e-01 -3.812885e-01 2.173377e-01 1.826623e-01 8.060119e+08 1.000000e+00 1.200000e+00 1.023531e-03
72    3.064140e-01 2.936207e-01 1.006840e-01 -3.147805e-01 2.007187e-01 1.992813e-01 8.000103e+08 1.000000e+00 1.200000e+00 0.000000e+00
73    6.250000e-02 1.875000e-01 4.375000e-01 -3.416647e-01 1.875000e-01 2.125000e-01 8.031250e+08 1.000000e+00 1.200000e+00 0.000000e+00
74    1.875000e-01 5.625000e-01 1.875000e-01 -1.225090e-01 4.375000e-01 -3.750000e-02 1.914062e+09 1.000000e+00 1.200000e+00 0.000000e+00
75    3.125000e-01 9.375000e-01 6.875000e-01 -1.809248e+00 1.437500e+00 -1.037500e+00 2.066406e+10 1.000000e+00 1.200000e+00 0.000000e+00
76    4.375000e-01 6.875000e-01 6.250000e-02 -1.188459e-02 6.875000e-01 -2.875000e-01 4.726562e+09 1.000000e+00 1.200000e+00 0.000000e+00
77    5.625000e-01 3.125000e-01 9.375000e-01 -1.700713e+00 1.312500e+00 -9.125000e-01 1.722656e+10 1.000000e+00 1.200000e+00 0.000000e+00
78    6.875000e-01 6.250000e-02 3.125000e-01 -6.739942e-01 5.625000e-01 -1.625000e-01 3.164062e+09 1.000000e+00 1.200000e+00 0.000000e+00
80    8.125000e-01 4.375000e-01 8.125000e-01 -3.136923e+00 1.562500e+00 -1.162500e+00 2.441406e+10 1.000000e+00 1.200000e+00 0.000000e+00
79    9.375000e-01 8.125000e-01 5.625000e-01 -5.028871e-01 1.812500e+00 -1.412500e+00 3.285156e+10 1.000000e+00 1.200000e+00 0.000000e+00
82    2.221069e-02 2.044773e-03 3.269231e-02 -1.171914e-01 -4.430522e-01 8.430522e-01 7.107371e+09 1.000000e+00 1.200000e+00 0.000000e+00
81    4.181513e-01 2.557326e-01 4.723353e-02 -1.915690e-01 2.211174e-01 1.788826e-01 8.089189e+08 1.000000e+00 1.200000e+00 9.975433e-04
83    5.040620e-02 4.668814e-01 8.922368e-01 -3.420087e+00 9.095245e-01 -5.095245e-01 8.272348e+09 1.000000e+00 1.200000e+00 0.000000e+00
84    3.523745e-01 3.054365e-01 3.395925e-01 -6.268995e-01 4.974035e-01 -9.740351e-02 2.474103e+09 1.000000e+00 1.200000e+00 0.000000e+00
86    3.224780e-01 5.757313e-02 7.283611e-01 -3.751503e-01 6.084122e-01 -2.084122e-01 3.701654e+09 1.000000e+00 1.200000e+00 0.000000e+00
85    1.620447e-01 2.930805e-01 1.447710e-01 -4.118117e-01 9.989617e-02 3.001038e-01 1.000416e+09 1.000000e+00 1.200000e+00 0.000000e+00
87    6.250000e-02 4.943843e-01 4.741143e-01 -7.275357e-01 5.309986e-01 -1.309986e-01 2.819595e+09 1.000000e+00 1.200000e+00 0.000000e+00
88    6.250000e-02 3.540229e-01 3.081469e-01 -4.430241e-01 2.246697e-01 1.753303e-01 8.121719e+08 1.000000e+00 1.200000e+00 0.000000e+00
89    6.250000e-02 1.875000e-01 7.913368e-01 -1.126245e+00 5.413368e-01 -1.413368e-01 2.930455e+09 1.000000e+00 1.200000e+00 9.973049e-04
90    6.067865e-03 1.875000e-01 2.150116e-01 -5.914297e-01 -9.142049e-02 4.914205e-01 2.414941e+09 1.000000e+00 1.200000e+00 0.000000e+00
92    3.407782e-01 6.219409e-02 4.748723e-01 -2.911556e-01 3.778447e-01 2.215535e-02 1.432574e+09 1.000000e+00 1.200000e+00 0.000000e+00
91    2.017797e-01 1.875000e-01 3.308287e-01 -7.826473e-01 2.201084e-01 1.798916e-01 8.080869e+08 1.000000e+00 1.200000e+00 0.000000e+00
94    6.250000e-02 1.859864e-03 5.281979e-01 -1.214817e-01 9.255773e-02 3.074423e-01 1.030877e+09 1.000000e+00 1.200000e+00 0.000000e+00
93    1.996187e-01 5.797282e-02 4.375000e-01 -3.841477e-01 1.950915e-01 2.049085e-01 8.004819e+08 1.000000e+00 1.200000e+00 0.000000e+00
96    4.198143e-01 5.797282e-02 1.300551e-01 -5.446135e-01 1.078422e-01 2.921578e-01 9.698611e+08 1.000000e+00 1.200000e+00 0.000000e+00
95    1.996187e-01 5.797282e-02 8.410085e-02 -3.237923e-01 -1.583077e-01 5.583077e-01 3.117074e+09 1.000000e+00 1.200000e+00 0.000000e+00
98    3.980464e-01 5.797282e-02 3.079194e-01 -9.175997e-01 2.639386e-01 1.360614e-01 8.817629e+08 1.000000e+00 1.200000e+00 0.000000e+00
97    1.996187e-01 2.891272e-02 5.934192e-01 -1.431957e-01 3.219506e-01 7.804937e-02 1.097439e+09 1.000000e+00 1.200000e+00 1.024246e-03
99    1.996187e-01 1.448970e-02 2.891226e-01 -8.147214e-01 3.230970e-03 3.967690e-01 1.574361e+09 1.000000e+00 1.200000e+00 0.000000e+00
100   1.996187e-01 1.922955e-01 4.551847e-01 -3.559569e-01 3.470989e-01 5.290111e-02 1.232762e+09 1.000000e+00 1.200000e+00 0.000000e+00
101   4.285384e-02 5.797282e-02 3.621312e-01 -5.388696e-01 -3.704213e-02 4.370421e-01 1.910058e+09 1.000000e+00 1.200000e+00 0.000000e+00
102   1.038408e-01 5.797282e-02 4.375000e-01 -3.405487e-01 9.931358e-02 3.006864e-01 1.002755e+09 1.000000e+00 1.200000e+00 0.000000e+00
103   5.271153e-02 8.252787e-02 6.846816e-01 -3.690328e-01 3.199210e-01 8.007899e-02 1.087621e+09 1.000000e+00 1.200000e+00 0.000000e+00
104   7.624885e-02 1.269977e-01 5.498925e-01 -2.055435e-01 2.531390e-01 1.468610e-01 8.564751e+08 1.000000e+00 1.200000e+00 0.000000e+00
106   1.996187e-01 1.132775e-01 3.807664e-01 -6.310395e-01 1.936626e-01 2.063374e-01 8.008033e+08 1.000000e+00 1.200000e+00 0.000000e+00
105   1.996187e-01 3.167641e-02 5.133592e-01 -1.761289e-01 2.446543e-01 1.553457e-01 8.398802e+08 1.000000e+00 1.200000e+00 0.000000e+00
107   1.096582e-01 5.797282e-02 5.148824e-01 -1.733489e-01 1.825134e-01 2.174866e-01 8.061156e+08 1.000000e+00 1.200000e+00 0.000000e+00
108   1.516571e-01 1.077635e-01 4.375000e-01 -3.835753e-01 1.969206e-01 2.030794e-01 8.001897e+08 1.000000e+00 1.200000e+00 0.000000e+00
110   1.516571e-01 2.467037e-01 3.889668e-01 -5.058346e-01 2.873277e-01 1.126723e-01 9.525224e+08 1.000000e+00 1.200000e+00 0.000000e+00
109   1.516571e-01 1.723425e-01 3.929711e-01 -5.415633e-01 2.169707e-01 1.830293e-01 8.057601e+08 1.000000e+00 1.200000e+00 0.000000e+00
112   1.516571e-01 1.077635e-01 3.031069e-01 -8.361980e-01 6.252751e-02 3.374725e-01 1.177974e+09 1.000000e+00 1.200000e+00 9.973049e-04
111   1.516571e-01 1.077635e-01 5.040088e-01 -2.220647e-01 2.634294e-01 1.365706e-01 8.804658e+08 1.000000e+00 1.200000e+00 0.000000e+00
114   3.868707e-02 1.077635e-01 4.375000e-01 -3.218187e-01 8.395054e-02 3.160495e-01 1.069350e+09 1.000000e+00 1.200000e+00 0.000000e+00
113   1.056483e-01 1.523273e-01 4.375000e-01 -3.661771e-01 1.954756e-01 2.045244e-01 8.004094e+08 1.000000e+00 1.200000e+00 0.000000e+00
116   2.233269e-01 1.077635e-01 4.375000e-01 -4.129502e-01 2.685904e-01 1.314096e-01 8.940928e+08 1.000000e+00 1.200000e+00 0.000000e+00
115   1.861963e-01 1.077635e-01 4.136422e-01 -4.883969e-01 2.076020e-01 1.923980e-01 8.011558e+08 1.000000e+00 1.200000e+00 0.000000e+00
118   1.516571e-01 1.536327e-01 4.375000e-01 -3.892553e-01 2.427898e-01 1.572102e-01 8.366194e+08 1.000000e+00 1.200000e+00 0.000000e+00
117   1.516571e-01 1.310824e-01 4.163787e-01 -4.618160e-01 1.991182e-01 2.008818e-01 8.000156e+08 1.000000e+00 1.200000e+00 0.000000e+00
119   9.934849e-02 1.310824e-01 3.561207e-01 -6.393559e-01 8.655156e-02 3.134484e-01 1.057411e+09 1.000000e+00 1.200000e+00 0.000000e+00
120   1.516571e-01 1.310824e-01 3.681047e-01 -6.459727e-01 1.508442e-01 2.491558e-01 8.483260e+08 1.000000e+00 1.200000e+00 0.000000e+00
121   1.516571e-01 5.792610e-02 3.718327e-01 -6.073982e-01 8.141585e-02 3.185842e-01 1.081244e+09 1.000000e+00 1.200000e+00 9.975433e-04
121   1.753394e-01 1.310824e-01 3.827484e-01 -6.074219e-01 1.891702e-01 2.108298e-01 8.023457e+08 1.000000e+00 1.200000e+00 0.000000e+00
123   1.516571e-01 1.310824e-01 4.712042e-01 -2.920529e-01 2.539437e-01 1.460563e-01 8.581985e+08 1.000000e+00 1.200000e+00 0.000000e+00
124   1.266311e-01 1.479986e-01 4.163787e-01 -4.465188e-01 1.910083e-01 2.089917e-01 8.016170e+08 1.000000e+00 1.200000e+00 0.000000e+00
126   1.771030e-01 1.373067e-01 4.163787e-01 -4.759517e-01 2.307883e-01 1.692117e-01 8.189584e+08 1.000000e+00 1.200000e+00 0.000000e+00
125   1.516571e-01 1.310824e-01 3.922785e-01 -5.534043e-01 1.750180e-01 2.249820e-01 8.124820e+08 1.000000e+00 1.200000e+00 0.000000e+00
127   1.418939e-01 1.310824e-01 4.417893e-01 -3.694724e-01 2.147657e-01 1.852343e-01 8.043605e+08 1.000000e+00 1.200000e+00 9.717941e-04
128   1.516571e-01 1.482304e-01 4.059315e-01 -4.998314e-01 2.058189e-01 1.941811e-01 8.006772e+08 1.000000e+00 1.200000e+00 0.000000e+00
129   1.697124e-01 1.193475e-01 4.163787e-01 -4.709848e-01 2.054385e-01 1.945615e-01 8.005916e+08 1.000000e+00 1.200000e+00 0.000000e+00
130   1.516571e-01 1.108852e-01 4.163787e-01 -4.594980e-01 1.789209e-01 2.210791e-01 8.088865e+08 1.000000e+00 1.200000e+00 0.000000e+00
131   1.308112e-01 1.310824e-01 4.207566e-01 -4.338527e-01 1.826502e-01 2.173498e-01 8.060203e+08 1.000000e+00 1.200000e+00 0.000000e+00
132   1.516571e-01 1.310824e-01 4.310370e-01 -4.095804e-01 2.137765e-01 1.862235e-01 8.037959e+08 1.000000e+00 1.200000e+00 0.000000e+00
133   1.682102e-01 1.310824e-01 4.042275e-01 -5.177564e-01 2.035200e-01 1.964800e-01 8.002478e+08 1.000000e+00 1.200000e+00 1.024723e-03
134   1.402618e-01 1.441182e-01 4.163787e-01 -4.550443e-01 2.007587e-01 1.992413e-01 8.000115e+08 1.000000e+00 1.200000e+00 0.000000e+00
135   1.402618e-01 1.441182e-01 4.045309e-01 -4.981785e-01 1.889110e-01 2.110890e-01 8.024593e+08 1.000000e+00 1.200000e+00 0.000000e+00
136   1.402618e-01 1.332878e-01 4.163787e-01 -4.551733e-01 1.899282e-01 2.100718e-01 8.020288e+08 1.000000e+00 1.200000e+00 0.000000e+00
138   1.324904e-01 1.588079e-01 4.163787e-01 -4.489572e-01 2.076770e-01 1.923230e-01 8.011787e+08 1.000000e+00 1.200000e+00 0.000000e+00
137   1.344117e-01 1.441182e-01 4.226278e-01 -4.297112e-01 2.011577e-01 1.988423e-01 8.000268e+08 1.000000e+00 1.200000e+00 0.000000e+00
140   1.505063e-01 1.441182e-01 4.163787e-01 -4.610596e-01 2.110032e-01 1.889968e-01 8.024214e+08 1.000000e+00 1.200000e+00 0.000000e+00
139   1.333035e-01 1.506580e-01 4.179580e-01 -4.448902e-01 2.019195e-01 1.980805e-01 8.000737e+08 1.000000e+00 1.200000e+00 1.021862e-03
141   1.402618e-01 1.441182e-01 4.350764e-01 -3.912763e-01 2.194565e-01 1.805435e-01 8.075711e+08 1.000000e+00 1.200000e+00 0.000000e+00
142   1.402618e-01 1.356509e-01 4.228760e-01 -4.321080e-01 1.987887e-01 2.012113e-01 8.000293e+08 1.000000e+00 1.200000e+00 0.000000e+00
143   1.446028e-01 1.552227e-01 4.163787e-01 -4.566364e-01 2.162041e-01 1.837959e-01 8.052515e+08 1.000000e+00 1.200000e+00 0.000000e+00
144   1.469794e-01 1.380131e-01 4.163787e-01 -4.591971e-01 2.013711e-01 1.986289e-01 8.000376e+08 1.000000e+00 1.200000e+00 1.030207e-03
145   6.250000e-02 6.875000e-01 6.875000e-01 -2.546223e+00 9.375000e-01 -5.375000e-01 8.789062e+09 1.000000e+00 1.200000e+00 9.975433e-04
146   1.875000e-01 6.250000e-02 4.375000e-01 -3.818841e-01 1.875000e-01 2.125000e-01 8.031250e+08 1.000000e+00 1.200000e+00 0.000000e+00
147   3.125000e-01 4.375000e-01 1.875000e-01 -2.999119e-01 4.375000e-01 -3.750000e-02 1.914062e+09 1.000000e+00 1.200000e+00 0.000000e+00
148   4.375000e-01 1.875000e-01 6.250000e-02 -2.665856e-01 1.875000e-01 2.125000e-01 8.031250e+08 1.000000e+00 1.200000e+00 0.000000e+00
149   5.625000e-01 8.125000e-01 9.375000e-01 -1.692182e+00 1.812500e+00 -1.412500e+00 3.285156e+10 1.000000e+00 1.200000e+00 0.000000e+00
150   6.875000e-01 5.625000e-01 8.125000e-01 -3.515802e+00 1.562500e+00 -1.162500e+00 2.441406e+10 1.000000e+00 1.200000e+00 0.000000e+00
151   8.125000e-01 9.375000e-01 5.625000e-01 -7.034450e-01 1.812500e+00 -1.412500e+00 3.285156e+10 1.000000e+00 1.200000e+00 9.980202e-04
152   9.375000e-01 3.125000e-01 3.125000e-01 -2.475208e-01 1.062500e+00 -6.625000e-01 1.128906e+10 1.000000e+00 1.200000e+00 0.000000e+00
153   1.339127e-02 1.810620e-02 6.238909e-02 -1.761171e-01 -4.061134e-01 8.061134e-01 6.498189e+09 1.000000e+00 1.200000e+00 0.000000e+00
154   3.674920e-02 3.013121e-01 9.303147e-02 -2.057991e-01 -6.890723e-02 4.689072e-01 2.198740e+09 1.000000e+00 1.200000e+00 0.000000e+00
155   4.149029e-01 6.250000e-02 9.457998e-01 -2.731102e-01 9.232027e-01 -5.232027e-01 8.523032e+09 1.000000e+00 1.200000e+00 0.000000e+00
156   5.811143e-01 6.250000e-02 5.096097e-01 -1.899441e-01 6.532240e-01 -2.532240e-01 4.267016e+09 1.000000e+00 1.200000e+00 0.000000e+00
158   6.151859e-02 3.915474e-01 4.206244e-01 -3.749110e-01 3.736904e-01 2.630961e-02 1.403367e+09 1.000000e+00 1.200000e+00 0.000000e+00
157   1.875000e-01 2.658268e-01 2.777613e-01 -7.313907e-01 2.310881e-01 1.689119e-01 8.193294e+08 1.000000e+00 1.200000e+00 0.000000e+00
159   3.100907e-01 3.139634e-01 6.629402e-01 -1.185154e+00 7.869943e-01 -3.869943e-01 6.193600e+09 1.000000e+00 1.200000e+00 0.000000e+00
160   3.614087e-03 2.163121e-01 6.124684e-01 -5.009832e-01 3.323945e-01 6.760547e-02 1.150566e+09 1.000000e+00 1.200000e+00 0.000000e+00
162   1.875000e-01 4.357027e-03 7.709867e-01 -2.577061e-01 4.628438e-01 -6.284377e-02 2.142244e+09 1.000000e+00 1.200000e+00 0.000000e+00
161   3.140568e-01 6.250000e-02 2.388520e-01 -9.391594e-01 1.154088e-01 2.845912e-01 9.431135e+08 1.000000e+00 1.200000e+00 0.000000e+00
164   1.720736e-02 1.716974e-01 4.237044e-01 -3.494683e-01 1.126092e-01 2.873908e-01 9.527431e+08 1.000000e+00 1.200000e+00 0.000000e+00
163   2.078487e-02 6.250000e-02 5.172227e-01 -1.547130e-01 1.005076e-01 2.994924e-01 9.979749e+08 1.000000e+00 1.200000e+00 0.000000e+00
165   3.392681e-01 2.262204e-01 4.375000e-01 -4.245987e-01 5.029885e-01 -1.029885e-01 2.529974e+09 1.000000e+00 1.200000e+00 0.000000e+00
166   1.875000e-01 1.370101e-01 3.028631e-01 -8.712113e-01 1.273732e-01 2.726268e-01 9.054931e+08 1.000000e+00 1.200000e+00 0.000000e+00
168   3.562148e-01 1.610865e-02 4.375000e-01 -3.868189e-01 3.098235e-01 9.017655e-02 1.041224e+09 1.000000e+00 1.200000e+00 0.000000e+00
167   1.875000e-01 1.019067e-02 3.263353e-01 -7.288214e-01 2.402596e-02 3.759740e-01 1.419337e+09 1.000000e+00 1.200000e+00 0.000000e+00
170   1.875000e-01 6.250000e-02 6.092878e-01 -1.959277e-01 3.592878e-01 4.071219e-02 1.307452e+09 1.000000e+00 1.200000e+00 0.000000e+00
169   1.293393e-01 2.348763e-01 5.257901e-01 -3.012736e-01 3.900057e-01 9.994279e-03 1.522043e+09 1.000000e+00 1.200000e+00 0.000000e+00
172   3.697083e-02 8.179380e-04 4.058060e-01 -3.568273e-01 -5.640525e-02 4.564052e-01 2.083057e+09 1.000000e+00 1.200000e+00 0.000000e+00
171   3.309376e-01 6.250000e-02 3.489199e-01 -7.936183e-01 2.423575e-01 1.576425e-01 8.358832e+08 1.000000e+00 1.200000e+00 0.000000e+00
174   1.975686e-01 1.802982e-01 4.375000e-01 -4.069058e-01 3.153668e-01 8.463324e-02 1.066190e+09 1.000000e+00 1.200000e+00 0.000000e+00
173   2.748156e-01 6.250000e-02 4.375000e-01 -4.093549e-01 2.748156e-01 1.251844e-01 9.119473e+08 1.000000e+00 1.200000e+00 0.000000e+00
175   9.965666e-02 1.181274e-01 4.375000e-01 -3.592298e-01 1.552841e-01 2.447159e-01 8.399903e+08 1.000000e+00 1.200000e+00 9.875298e-04
176   1.875000e-01 1.317564e-01 3.794506e-01 -6.288499e-01 1.987070e-01 2.012930e-01 8.000334e+08 1.000000e+00 1.200000e+00 0.000000e+00
178   2.805949e-01 1.317564e-01 3.794506e-01 -6.770397e-01 2.918019e-01 1.081981e-01 9.685518e+08 1.000000e+00 1.200000e+00 9.987354e-04
177   1.220961e-01 1.317564e-01 3.794506e-01 -5.789664e-01 1.333031e-01 2.666969e-01 8.889696e+08 1.000000e+00 1.200000e+00 0.000000e+00
180   1.182041e-01 2.076080e-01 3.794506e-01 -5.435842e-01 2.052627e-01 1.947373e-01 8.005539e+08 1.000000e+00 1.200000e+00 0.000000e+00
179   1.875000e-01 7.261500e-02 3.794506e-01 -6.138348e-01 1.395656e-01 2.604344e-01 8.730463e+08 1.000000e+00 1.200000e+00 0.000000e+00
182   1.875000e-01 2.277046e-01 3.794506e-01 -5.746294e-01 2.946552e-01 1.053448e-01 9.791922e+08 1.000000e+00 1.200000e+00 0.000000e+00
181   2.767953e-01 2.010182e-02 3.794506e-01 -6.111623e-01 1.763477e-01 2.236523e-01 8.111886e+08 1.000000e+00 1.200000e+00 0.000000e+00
183   1.875000e-01 1.317564e-01 5.144328e-01 -2.299768e-01 3.336892e-01 6.631081e-02 1.157456e+09 1.000000e+00 1.200000e+00 0.000000e+00
184   1.875000e-01 1.056500e-01 4.072027e-01 -5.142559e-01 2.003527e-01 1.996473e-01 8.000025e+08 1.000000e+00 1.200000e+00 0.000000e+00
185   1.875000e-01 1.079460e-03 4.072027e-01 -4.441989e-01 9.578218e-02 3.042178e-01 1.017227e+09 1.000000e+00 1.200000e+00 0.000000e+00
186   2.399995e-01 1.056500e-01 4.072027e-01 -5.393294e-01 2.528522e-01 1.471478e-01 8.558670e+08 1.000000e+00 1.200000e+00 0.000000e+00
187   1.875000e-01 1.056500e-01 4.592318e-01 -3.281463e-01 2.523818e-01 1.476182e-01 8.548770e+08 1.000000e+00 1.200000e+00 0.000000e+00
187   1.435625e-01 1.056500e-01 4.072027e-01 -4.880446e-01 1.564152e-01 2.435848e-01 8.379927e+08 1.000000e+00 1.200000e+00 0.000000e+00
190   1.875000e-01 1.056500e-01 3.514967e-01 -7.355067e-01 1.446467e-01 2.553533e-01 8.612798e+08 1.000000e+00 1.200000e+00 0.000000e+00
190   2.029692e-01 7.226703e-02 4.072027e-01 -5.097325e-01 1.824389e-01 2.175611e-01 8.061678e+08 1.000000e+00 1.200000e+00 0.000000e+00
191   1.875000e-01 1.588242e-01 4.072027e-01 -5.139883e-01 2.535269e-01 1.464731e-01 8.573026e+08 1.000000e+00 1.200000e+00 0.000000e+00
192   1.875000e-01 1.321302e-01 4.072027e-01 -5.171425e-01 2.268329e-01 1.731671e-01 8.144001e+08 1.000000e+00 1.200000e+00 0.000000e+00
193   1.875000e-01 1.056500e-01 4.334753e-01 -4.132969e-01 2.266252e-01 1.733748e-01 8.141781e+08 1.000000e+00 1.200000e+00 0.000000e+00
194   2.129136e-01 1.056500e-01 4.072027e-01 -5.273128e-01 2.257663e-01 1.742337e-01 8.132780e+08 1.000000e+00 1.200000e+00 0.000000e+00
195   1.875000e-01 1.056500e-01 3.808759e-01 -6.214140e-01 1.740259e-01 2.259741e-01 8.134931e+08 1.000000e+00 1.200000e+00 9.975433e-04
196   1.875000e-01 8.521878e-02 4.072027e-01 -5.077631e-01 1.799215e-01 2.200785e-01 8.080629e+08 1.000000e+00 1.200000e+00 0.000000e+00
197   1.654433e-01 1.056500e-01 4.072027e-01 -5.016376e-01 1.782960e-01 2.217040e-01 8.094213e+08 1.000000e+00 1.200000e+00 0.000000e+00
198   1.875000e-01 1.190339e-01 4.072027e-01 -5.164877e-01 2.137366e-01 1.862634e-01 8.037739e+08 1.000000e+00 1.200000e+00 0.000000e+00
199   1.875000e-01 4.763624e-02 4.072027e-01 -4.862666e-01 1.423390e-01 2.576610e-01 8.664959e+08 1.000000e+00 1.200000e+00 0.000000e+00
200   1.875000e-01 1.056500e-01 3.938680e-01 -5.683906e-01 1.870180e-01 2.129820e-01 8.033707e+08 1.000000e+00 1.200000e+00 0.000000e+00