
145   6.250000e-02 6.875000e-01 6.875000e-01 -2.546223e+00 9.375000e-01 -5.375000e-01 8.789062e+09 1.000000e+00 1.200000e+00 9.975433e-04
146   1.875000e-01 6.250000e-02 4.375000e-01 -3.818841e-01 1.875000e-01 2.125000e-01 8.031250e+08 1.000000e+00 1.200000e+00 0.000000e+00
147   3.125000e-01 4.375000e-01 1.875000e-01 -2.999119e-01 4.375000e-01 -3.750000e-02 1.914062e+09 1.000000e+00 1.200000e+00 0.000000e+00
148   4.375000e-01 1.875000e-01 6.250000e-02 -2.665856e-01 1.875000e-01 2.125000e-01 8.031250e+08 1.000000e+00 1.200000e+00 0.000000e+00
149   5.625000e-01 8.125000e-01 9.375000e-01 -1.692182e+00 1.812500e+00 -1.412500e+00 3.285156e+10 1.000000e+00 1.200000e+00 0.000000e+00
150   6.875000e-01 5.625000e-01 8.125000e-01 -3.515802e+00 1.562500e+00 -1.162500e+00 2.441406e+10 1.000000e+00 1.200000e+00 0.000000e+00
151   8.125000e-01 9.375000e-01 5.625000e-01 -7.034450e-01 1.812500e+00 -1.412500e+00 3.285156e+10 1.000000e+00 1.200000e+00 9.980202e-04
152   9.375000e-01 3.125000e-01 3.125000e-01 -2.475208e-01 1.062500e+00 -6.625000e-01 1.128906e+10 1.000000e+00 1.200000e+00 0.000000e+00
153   1.339127e-02 1.810620e-02 6.238909e-02 -1.761171e-01 -4.061134e-01 8.061134e-01 6.498189e+09 1.000000e+00 1.200000e+00 0.000000e+00
154   3.674920e-02 3.013121e-01 9.303147e-02 -2.057991e-01 -6.890723e-02 4.689072e-01 2.198740e+09 1.000000e+00 1.200000e+00 0.000000e+00
155   4.149029e-01 6.250000e-02 9.457998e-01 -2.731102e-01 9.232027e-01 -5.232027e-01 8.523032e+09 1.000000e+00 1.200000e+00 0.000000e+00
156   5.811143e-01 6.250000e-02 5.096097e-01 -1.899441e-01 6.532240e-01 -2.532240e-01 4.267016e+09 1.000000e+00 1.200000e+00 0.000000e+00
158   6.151859e-02 3.915474e-01 4.206244e-01 -3.749110e-01 3.736904e-01 2.630961e-02 1.403367e+09 1.000000e+00 1.200000e+00 0.000000e+00
157   1.875000e-01 2.658268e-01 2.777613e-01 -7.313907e-01 2.310881e-01 1.689119e-01 8.193294e+08 1.000000e+00 1.200000e+00 0.000000e+00
159   3.100907e-01 3.139634e-01 6.629402e-01 -1.185154e+00 7.869943e-01 -3.869943e-01 6.193600e+09 1.000000e+00 1.200000e+00 0.000000e+00
160   3.614087e-03 2.163121e-01 6.124684e-01 -5.009832e-01 3.323945e-01 6.760547e-02 1.150566e+09 1.000000e+00 1.200000e+00 0.000000e+00
162   1.875000e-01 4.357027e-03 7.709867e-01 -2.577061e-01 4.628438e-01 -6.284377e-02 2.142244e+09 1.000000e+00 1.200000e+00 0.000000e+00
161   3.140568e-01 6.250000e-02 2.388520e-01 -9.391594e-01 1.154088e-01 2.845912e-01 9.431135e+08 1.000000e+00 1.200000e+00 0.000000e+00
164   1.720736e-02 1.716974e-01 4.237044e-01 -3.494683e-01 1.126092e-01 2.873908e-01 9.527431e+08 1.000000e+00 1.200000e+00 0.000000e+00
163   2.078487e-02 6.250000e-02 5.172227e-01 -1.547130e-01 1.005076e-01 2.994924e-01 9.979749e+08 1.000000e+00 1.200000e+00 0.000000e+00
165   3.392681e-01 2.262204e-01 4.375000e-01 -4.245987e-01 5.029885e-01 -1.029885e-01 2.529974e+09 1.000000e+00 1.200000e+00 0.000000e+00
166   1.875000e-01 1.370101e-01 3.028631e-01 -8.712113e-01 1.273732e-01 2.726268e-01 9.054931e+08 1.000000e+00 1.200000e+00 0.000000e+00
168   3.562148e-01 1.610865e-02 4.375000e-01 -3.868189e-01 3.098235e-01 9.017655e-02 1.041224e+09 1.000000e+00 1.200000e+00 0.000000e+00
167   1.875000e-01 1.019067e-02 3.263353e-01 -7.288214e-01 2.402596e-02 3.759740e-01 1.419337e+09 1.000000e+00 1.200000e+00 0.000000e+00
170   1.875000e-01 6.250000e-02 6.092878e-01 -1.959277e-01 3.592878e-01 4.071219e-02 1.307452e+09 1.000000e+00 1.200000e+00 0.000000e+00
169   1.293393e-01 2.348763e-01 5.257901e-01 -3.012736e-01 3.900057e-01 9.994279e-03 1.522043e+09 1.000000e+00 1.200000e+00 0.000000e+00
172   3.697083e-02 8.179380e-04 4.058060e-01 -3.568273e-01 -5.640525e-02 4.564052e-01 2.083057e+09 1.000000e+00 1.200000e+00 0.000000e+00
171   3.309376e-01 6.250000e-02 3.489199e-01 -7.936183e-01 2.423575e-01 1.576425e-01 8.358832e+08 1.000000e+00 1.200000e+00 0.000000e+00
174   1.975686e-01 1.802982e-01 4.375000e-01 -4.069058e-01 3.153668e-01 8.463324e-02 1.066190e+09 1.000000e+00 1.200000e+00 0.000000e+00
173   2.748156e-01 6.250000e-02 4.375000e-01 -4.093549e-01 2.748156e-01 1.251844e-01 9.119473e+08 1.000000e+00 1.200000e+00 0.000000e+00
175   9.965666e-02 1.181274e-01 4.375000e-01 -3.592298e-01 1.552841e-01 2.447159e-01 8.399903e+08 1.000000e+00 1.200000e+00 9.875298e-04
176   1.875000e-01 1.317564e-01 3.794506e-01 -6.288499e-01 1.987070e-01 2.012930e-01 8.000334e+08 1.000000e+00 1.200000e+00 0.000000e+00
178   2.805949e-01 1.317564e-01 3.794506e-01 -6.770397e-01 2.918019e-01 1.081981e-01 9.685518e+08 1.000000e+00 1.200000e+00 9.987354e-04
177   1.220961e-01 1.317564e-01 3.794506e-01 -5.789664e-01 1.333031e-01 2.666969e-01 8.889696e+08 1.000000e+00 1.200000e+00 0.000000e+00
180   1.182041e-01 2.076080e-01 3.794506e-01 -5.435842e-01 2.052627e-01 1.947373e-01 8.005539e+08 1.000000e+00 1.200000e+00 0.000000e+00
179   1.875000e-01 7.261500e-02 3.794506e-01 -6.138348e-01 1.395656e-01 2.604344e-01 8.730463e+08 1.000000e+00 1.200000e+00 0.000000e+00
182   1.875000e-01 2.277046e-01 3.794506e-01 -5.746294e-01 2.946552e-01 1.053448e-01 9.791922e+08 1.000000e+00 1.200000e+00 0.000000e+00
181   2.767953e-01 2.010182e-02 3.794506e-01 -6.111623e-01 1.763477e-01 2.236523e-01 8.111886e+08 1.000000e+00 1.200000e+00 0.000000e+00
183   1.875000e-01 1.317564e-01 5.144328e-01 -2.299768e-01 3.336892e-01 6.631081e-02 1.157456e+09 1.000000e+00 1.200000e+00 0.000000e+00
184   1.875000e-01 1.056500e-01 4.072027e-01 -5.142559e-01 2.003527e-01 1.996473e-01 8.000025e+08 1.000000e+00 1.200000e+00 0.000000e+00
185   1.875000e-01 1.079460e-03 4.072027e-01 -4.441989e-01 9.578218e-02 3.042178e-01 1.017227e+09 1.000000e+00 1.200000e+00 0.000000e+00
186   2.399995e-01 1.056500e-01 4.072027e-01 -5.393294e-01 2.528522e-01 1.471478e-01 8.558670e+08 1.000000e+00 1.200000e+00 0.000000e+00
187   1.875000e-01 1.056500e-01 4.592318e-01 -3.281463e-01 2.523818e-01 1.476182e-01 8.548770e+08 1.000000e+00 1.200000e+00 0.000000e+00
187   1.435625e-01 1.056500e-01 4.072027e-01 -4.880446e-01 1.564152e-01 2.435848e-01 8.379927e+08 1.000000e+00 1.200000e+00 0.000000e+00
190   1.875000e-01 1.056500e-01 3.514967e-01 -7.355067e-01 1.446467e-01 2.553533e-01 8.612798e+08 1.000000e+00 1.200000e+00 0.000000e+00
190   2.029692e-01 7.226703e-02 4.072027e-01 -5.097325e-01 1.824389e-01 2.175611e-01 8.061678e+08 1.000000e+00 1.200000e+00 0.000000e+00
191   1.875000e-01 1.588242e-01 4.072027e-01 -5.139883e-01 2.535269e-01 1.464731e-01 8.573026e+08 1.000000e+00 1.200000e+00 0.000000e+00
192   1.875000e-01 1.321302e-01 4.072027e-01 -5.171425e-01 2.268329e-01 1.731671e-01 8.144001e+08 1.000000e+00 1.200000e+00 0.000000e+00
193   1.875000e-01 1.056500e-01 4.334753e-01 -4.132969e-01 2.266252e-01 1.733748e-01 8.141781e+08 1.000000e+00 1.200000e+00 0.000000e+00
194   2.129136e-01 1.056500e-01 4.072027e-01 -5.273128e-01 2.257663e-01 1.742337e-01 8.132780e+08 1.000000e+00 1.200000e+00 0.000000e+00
195   1.875000e-01 1.056500e-01 3.808759e-01 -6.214140e-01 1.740259e-01 2.259741e-01 8.134931e+08 1.000000e+00 1.200000e+00 9.975433e-04
196   1.875000e-01 8.521878e-02 4.072027e-01 -5.077631e-01 1.799215e-01 2.200785e-01 8.080629e+08 1.000000e+00 1.200000e+00 0.000000e+00
197   1.654433e-01 1.056500e-01 4.072027e-01 -5.016376e-01 1.782960e-01 2.217040e-01 8.094213e+08 1.000000e+00 1.200000e+00 0.000000e+00
198   1.875000e-01 1.190339e-01 4.072027e-01 -5.164877e-01 2.137366e-01 1.862634e-01 8.037739e+08 1.000000e+00 1.200000e+00 0.000000e+00
199   1.875000e-01 4.763624e-02 4.072027e-01 -4.862666e-01 1.423390e-01 2.576610e-01 8.664959e+08 1.000000e+00 1.200000e+00 0.000000e+00
200   1.875000e-01 1.056500e-01 3.938680e-01 -5.683906e-01 1.870180e-01 2.129820e-01 8.033707e+08 1.000000e+00 1.200000e+00 0.000000e+00