
73    6.250000e-02 1.875000e-01 4.375000e-01 -3.416647e-01 1.875000e-01 2.125000e-01 8.031250e+08 1.000000e+00 1.200000e+00 0.000000e+00
74    1.875000e-01 5.625000e-01 1.875000e-01 -1.225090e-01 4.375000e-01 -3.750000e-02 1.914062e+09 1.000000e+00 1.200000e+00 0.000000e+00
75    3.125000e-01 9.375000e-01 6.875000e-01 -1.809248e+00 1.437500e+00 -1.037500e+00 2.066406e+10 1.000000e+00 1.200000e+00 0.000000e+00
76    4.375000e-01 6.875000e-01 6.250000e-02 -1.188459e-02 6.875000e-01 -2.875000e-01 4.726562e+09 1.000000e+00 1.200000e+00 0.000000e+00
77    5.625000e-01 3.125000e-01 9.375000e-01 -1.700713e+00 1.312500e+00 -9.125000e-01 1.722656e+10 1.000000e+00 1.200000e+00 0.000000e+00
78    6.875000e-01 6.250000e-02 3.125000e-01 -6.739942e-01 5.625000e-01 -1.625000e-01 3.164062e+09 1.000000e+00 1.200000e+00 0.000000e+00
80    8.125000e-01 4.375000e-01 8.125000e-01 -3.136923e+00 1.562500e+00 -1.162500e+00 2.441406e+10 1.000000e+00 1.200000e+00 0.000000e+00
79    9.375000e-01 8.125000e-01 5.625000e-01 -5.028871e-01 1.812500e+00 -1.412500e+00 3.285156e+10 1.000000e+00 1.200000e+00 0.000000e+00
82    2.221069e-02 2.044773e-03 3.269231e-02 -1.171914e-01 -4.430522e-01 8.430522e-01 7.107371e+09 1.000000e+00 1.200000e+00 0.000000e+00
81    4.181513e-01 2.557326e-01 4.723353e-02 -1.915690e-01 2.211174e-01 1.788826e-01 8.089189e+08 1.000000e+00 1.200000e+00 9.975433e-04
83    5.040620e-02 4.668814e-01 8.922368e-01 -3.420087e+00 9.095245e-01 -5.095245e-01 8.272348e+09 1.000000e+00 1.200000e+00 0.000000e+00
84    3.523745e-01 3.054365e-01 3.395925e-01 -6.268995e-01 4.974035e-01 -9.740351e-02 2.474103e+09 1.000000e+00 1.200000e+00 0.000000e+00
86    3.224780e-01 5.757313e-02 7.283611e-01 -3.751503e-01 6.084122e-01 -2.084122e-01 3.701654e+09 1.000000e+00 1.200000e+00 0.000000e+00
85    1.620447e-01 2.930805e-01 1.447710e-01 -4.118117e-01 9.989617e-02 3.001038e-01 1.000416e+09 1.000000e+00 1.200000e+00 0.000000e+00
87    6.250000e-02 4.943843e-01 4.741143e-01 -7.275357e-01 5.309986e-01 -1.309986e-01 2.819595e+09 1.000000e+00 1.200000e+00 0.000000e+00
88    6.250000e-02 3.540229e-01 3.081469e-01 -4.430241e-01 2.246697e-01 1.753303e-01 8.121719e+08 1.000000e+00 1.200000e+00 0.000000e+00
89    6.250000e-02 1.875000e-01 7.913368e-01 -1.126245e+00 5.413368e-01 -1.413368e-01 2.930455e+09 1.000000e+00 1.200000e+00 9.973049e-04
90    6.067865e-03 1.875000e-01 2.150116e-01 -5.914297e-01 -9.142049e-02 4.914205e-01 2.414941e+09 1.000000e+00 1.200000e+00 0.000000e+00
92    3.407782e-01 6.219409e-02 4.748723e-01 -2.911556e-01 3.778447e-01 2.215535e-02 1.432574e+09 1.000000e+00 1.200000e+00 0.000000e+00
91    2.017797e-01 1.875000e-01 3.308287e-01 -7.826473e-01 2.201084e-01 1.798916e-01 8.080869e+08 1.000000e+00 1.200000e+00 0.000000e+00
94    6.250000e-02 1.859864e-03 5.281979e-01 -1.214817e-01 9.255773e-02 3.074423e-01 1.030877e+09 1.000000e+00 1.200000e+00 0.000000e+00
93    1.996187e-01 5.797282e-02 4.375000e-01 -3.841477e-01 1.950915e-01 2.049085e-01 8.004819e+08 1.000000e+00 1.200000e+00 0.000000e+00
96    4.198143e-01 5.797282e-02 1.300551e-01 -5.446135e-01 1.078422e-01 2.921578e-01 9.698611e+08 1.000000e+00 1.200000e+00 0.000000e+00
95    1.996187e-01 5.797282e-02 8.410085e-02 -3.237923e-01 -1.583077e-01 5.583077e-01 3.117074e+09 1.000000e+00 1.200000e+00 0.000000e+00
98    3.980464e-01 5.797282e-02 3.079194e-01 -9.175997e-01 2.639386e-01 1.360614e-01 8.817629e+08 1.000000e+00 1.200000e+00 0.000000e+00
97    1.996187e-01 2.891272e-02 5.934192e-01 -1.431957e-01 3.219506e-01 7.804937e-02 1.097439e+09 1.000000e+00 1.200000e+00 1.024246e-03
99    1.996187e-01 1.448970e-02 2.891226e-01 -8.147214e-01 3.230970e-03 3.967690e-01 1.574361e+09 1.000000e+00 1.200000e+00 0.000000e+00
100   1.996187e-01 1.922955e-01 4.551847e-01 -3.559569e-01 3.470989e-01 5.290111e-02 1.232762e+09 1.000000e+00 1.200000e+00 0.000000e+00
101   4.285384e-02 5.797282e-02 3.621312e-01 -5.388696e-01 -3.704213e-02 4.370421e-01 1.910058e+09 1.000000e+00 1.200000e+00 0.000000e+00
102   1.038408e-01 5.797282e-02 4.375000e-01 -3.405487e-01 9.931358e-02 3.006864e-01 1.002755e+09 1.000000e+00 1.200000e+00 0.000000e+00
103   5.271153e-02 8.252787e-02 6.846816e-01 -3.690328e-01 3.199210e-01 8.007899e-02 1.087621e+09 1.000000e+00 1.200000e+00 0.000000e+00
104   7.624885e-02 1.269977e-01 5.498925e-01 -2.055435e-01 2.531390e-01 1.468610e-01 8.564751e+08 1.000000e+00 1.200000e+00 0.000000e+00
106   1.996187e-01 1.132775e-01 3.807664e-01 -6.310395e-01 1.936626e-01 2.063374e-01 8.008033e+08 1.000000e+00 1.200000e+00 0.000000e+00
105   1.996187e-01 3.167641e-02 5.133592e-01 -1.761289e-01 2.446543e-01 1.553457e-01 8.398802e+08 1.000000e+00 1.200000e+00 0.000000e+00
107   1.096582e-01 5.797282e-02 5.148824e-01 -1.733489e-01 1.825134e-01 2.174866e-01 8.061156e+08 1.000000e+00 1.200000e+00 0.000000e+00
108   1.516571e-01 1.077635e-01 4.375000e-01 -3.835753e-01 1.969206e-01 2.030794e-01 8.001897e+08 1.000000e+00 1.200000e+00 0.000000e+00
110   1.516571e-01 2.467037e-01 3.889668e-01 -5.058346e-01 2.873277e-01 1.126723e-01 9.525224e+08 1.000000e+00 1.200000e+00 0.000000e+00
109   1.516571e-01 1.723425e-01 3.929711e-01 -5.415633e-01 2.169707e-01 1.830293e-01 8.057601e+08 1.000000e+00 1.200000e+00 0.000000e+00
112   1.516571e-01 1.077635e-01 3.031069e-01 -8.361980e-01 6.252751e-02 3.374725e-01 1.177974e+09 1.000000e+00 1.200000e+00 9.973049e-04
111   1.516571e-01 1.077635e-01 5.040088e-01 -2.220647e-01 2.634294e-01 1.365706e-01 8.804658e+08 1.000000e+00 1.200000e+00 0.000000e+00
114   3.868707e-02 1.077635e-01 4.375000e-01 -3.218187e-01 8.395054e-02 3.160495e-01 1.069350e+09 1.000000e+00 1.200000e+00 0.000000e+00
113   1.056483e-01 1.523273e-01 4.375000e-01 -3.661771e-01 1.954756e-01 2.045244e-01 8.004094e+08 1.000000e+00 1.200000e+00 0.000000e+00
116   2.233269e-01 1.077635e-01 4.375000e-01 -4.129502e-01 2.685904e-01 1.314096e-01 8.940928e+08 1.000000e+00 1.200000e+00 0.000000e+00
115   1.861963e-01 1.077635e-01 4.136422e-01 -4.883969e-01 2.076020e-01 1.923980e-01 8.011558e+08 1.000000e+00 1.200000e+00 0.000000e+00
118   1.516571e-01 1.536327e-01 4.375000e-01 -3.892553e-01 2.427898e-01 1.572102e-01 8.366194e+08 1.000000e+00 1.200000e+00 0.000000e+00
117   1.516571e-01 1.310824e-01 4.163787e-01 -4.618160e-01 1.991182e-01 2.008818e-01 8.000156e+08 1.000000e+00 1.200000e+00 0.000000e+00
119   9.934849e-02 1.310824e-01 3.561207e-01 -6.393559e-01 8.655156e-02 3.134484e-01 1.057411e+09 1.000000e+00 1.200000e+00 0.000000e+00
120   1.516571e-01 1.310824e-01 3.681047e-01 -6.459727e-01 1.508442e-01 2.491558e-01 8.483260e+08 1.000000e+00 1.200000e+00 0.000000e+00
121   1.516571e-01 5.792610e-02 3.718327e-01 -6.073982e-01 8.141585e-02 3.185842e-01 1.081244e+09 1.000000e+00 1.200000e+00 9.975433e-04
121   1.753394e-01 1.310824e-01 3.827484e-01 -6.074219e-01 1.891702e-01 2.108298e-01 8.023457e+08 1.000000e+00 1.200000e+00 0.000000e+00
123   1.516571e-01 1.310824e-01 4.712042e-01 -2.920529e-01 2.539437e-01 1.460563e-01 8.581985e+08 1.000000e+00 1.200000e+00 0.000000e+00
124   1.266311e-01 1.479986e-01 4.163787e-01 -4.465188e-01 1.910083e-01 2.089917e-01 8.016170e+08 1.000000e+00 1.200000e+00 0.000000e+00
126   1.771030e-01 1.373067e-01 4.163787e-01 -4.759517e-01 2.307883e-01 1.692117e-01 8.189584e+08 1.000000e+00 1.200000e+00 0.000000e+00
125   1.516571e-01 1.310824e-01 3.922785e-01 -5.534043e-01 1.750180e-01 2.249820e-01 8.124820e+08 1.000000e+00 1.200000e+00 0.000000e+00
127   1.418939e-01 1.310824e-01 4.417893e-01 -3.694724e-01 2.147657e-01 1.852343e-01 8.043605e+08 1.000000e+00 1.200000e+00 9.717941e-04
128   1.516571e-01 1.482304e-01 4.059315e-01 -4.998314e-01 2.058189e-01 1.941811e-01 8.006772e+08 1.000000e+00 1.200000e+00 0.000000e+00
129   1.697124e-01 1.193475e-01 4.163787e-01 -4.709848e-01 2.054385e-01 1.945615e-01 8.005916e+08 1.000000e+00 1.200000e+00 0.000000e+00
130   1.516571e-01 1.108852e-01 4.163787e-01 -4.594980e-01 1.789209e-01 2.210791e-01 8.088865e+08 1.000000e+00 1.200000e+00 0.000000e+00
131   1.308112e-01 1.310824e-01 4.207566e-01 -4.338527e-01 1.826502e-01 2.173498e-01 8.060203e+08 1.000000e+00 1.200000e+00 0.000000e+00
132   1.516571e-01 1.310824e-01 4.310370e-01 -4.095804e-01 2.137765e-01 1.862235e-01 8.037959e+08 1.000000e+00 1.200000e+00 0.000000e+00
133   1.682102e-01 1.310824e-01 4.042275e-01 -5.177564e-01 2.035200e-01 1.964800e-01 8.002478e+08 1.000000e+00 1.200000e+00 1.024723e-03
134   1.402618e-01 1.441182e-01 4.163787e-01 -4.550443e-01 2.007587e-01 1.992413e-01 8.000115e+08 1.000000e+00 1.200000e+00 0.000000e+00
135   1.402618e-01 1.441182e-01 4.045309e-01 -4.981785e-01 1.889110e-01 2.110890e-01 8.024593e+08 1.000000e+00 1.200000e+00 0.000000e+00
136   1.402618e-01 1.332878e-01 4.163787e-01 -4.551733e-01 1.899282e-01 2.100718e-01 8.020288e+08 1.000000e+00 1.200000e+00 0.000000e+00
138   1.324904e-01 1.588079e-01 4.163787e-01 -4.489572e-01 2.076770e-01 1.923230e-01 8.011787e+08 1.000000e+00 1.200000e+00 0.000000e+00
137   1.344117e-01 1.441182e-01 4.226278e-01 -4.297112e-01 2.011577e-01 1.988423e-01 8.000268e+08 1.000000e+00 1.200000e+00 0.000000e+00
140   1.505063e-01 1.441182e-01 4.163787e-01 -4.610596e-01 2.110032e-01 1.889968e-01 8.024214e+08 1.000000e+00 1.200000e+00 0.000000e+00
139   1.333035e-01 1.506580e-01 4.179580e-01 -4.448902e-01 2.019195e-01 1.980805e-01 8.000737e+08 1.000000e+00 1.200000e+00 1.021862e-03
141   1.402618e-01 1.441182e-01 4.350764e-01 -3.912763e-01 2.194565e-01 1.805435e-01 8.075711e+08 1.000000e+00 1.200000e+00 0.000000e+00
142   1.402618e-01 1.356509e-01 4.228760e-01 -4.321080e-01 1.987887e-01 2.012113e-01 8.000293e+08 1.000000e+00 1.200000e+00 0.000000e+00
143   1.446028e-01 1.552227e-01 4.163787e-01 -4.566364e-01 2.162041e-01 1.837959e-01 8.052515e+08 1.000000e+00 1.200000e+00 0.000000e+00
144   1.469794e-01 1.380131e-01 4.163787e-01 -4.591971e-01 2.013711e-01 1.986289e-01 8.000376e+08 1.000000e+00 1.200000e+00 1.030207e-03